-1    1   1   0.9954   0.1031
-1    2   1   0.9953   0.1035
-1    3   1   1.0733   0.1031
-1    4   1   1.0424   0.1417
-1    5   1   0.9529   0.1288
-1    6   1   1.1668   0.1095
-1    7   1   1.0725   0.1146
-1    8   1   0.9731   0.0959
-1    9   1   1.0169   0.1235
-1   10   1   1.0860   0.1218
-1   11   1   0.9534   0.1070
-1   12   1   0.9366   0.1085
-1   13   1   0.9853   0.1090
-1   14   1   1.0924   0.1034
-1   15   1   0.9690   0.1139
-1   16   1   1.0424   0.1088
-1   17   1   0.8774   0.1124
-1   18   1   0.9267   0.0981
-1   19   1   0.9195   0.1225
-1   20   1   1.0224   0.1108
-1   21   1   1.0246   0.1102
-1   22   1   1.0028   0.1047
-1   23   1   0.9166   0.0945
-1   24   1   1.0293   0.1185
-1   25   1   0.9346   0.1234
-1   26   1   0.9781   0.1162
-1   27   1   1.0625   0.1079
-1   28   1   1.0490   0.1065
-1   29   1   0.9830   0.1345
-1   30   1   0.9286   0.0953
-1   31   1   1.0614   0.1199
-1   32   1   1.1240   0.1244
-1   33   1   0.9501   0.1063
-1   34   1   0.9726   0.1088
-1   35   1   0.9666   0.1284
-1   36   1   0.9776   0.1098
-1   37   1   0.9858   0.1061
-1   38   1   1.0356   0.1079
-1   39   1   0.9658   0.1217
-1   40   1   0.9790   0.1164
-1   41   1   0.9732   0.1074
-1   42   1   0.9739   0.1077
-1   43   1   0.8974   0.0953
-1   44   1   0.9847   0.0975
-1   45   1   0.9025   0.1128
-1   46   1   0.9276   0.1018
-1   47   1   0.8820   0.1233
-1   48   1   0.9330   0.1032
-1   49   1   0.9187   0.0934
-1   50   1   1.1150   0.1139
-1   51   1   1.0993   0.1053
-1   52   1   1.0808   0.1245
-1   53   1   1.0557   0.1213
-1   54   1   0.9665   0.0970
-1   55   1   0.9825   0.1097
-1   56   1   0.9430   0.1015
-1   57   1   1.0636   0.1324
-1   58   1   1.1306   0.1234
-1   59   1   1.0612   0.1002
-1   60   1   1.0612   0.1139
-1   61   1   1.0186   0.1203
-1   62   1   1.0848   0.1147
-1   63   1   1.1546   0.1132
-1   64   1   1.0289   0.1014
-1   65   1   0.9969   0.1204
-1   66   1   0.9742   0.0960
-1   67   1   0.9398   0.1056
-1   68   1   0.9856   0.1093
-1   69   1   0.9494   0.1066
-1   70   1   1.0631   0.1260
-1   71   1   1.1347   0.1095
-1   72   1   0.9178   0.1045
-2    1   1   0.9924   0.1244
-2    2   1   1.0000   0.0000
-2    3   1   1.0532   0.1049
-2    4   1   1.1340   0.1374
-2    5   1   1.0530   0.1190
-2    6   1   1.0511   0.1194
-2    7   1   0.9168   0.1118
-2    8   1   1.0229   0.1150
-2    9   1   1.0689   0.1149
-2   10   1   0.9797   0.1214
-2   11   1   0.9267   0.1137
-2   12   1   0.9010   0.1342
-2   13   1   1.0026   0.1079
-2   14   1   1.1071   0.1305
-2   15   1   1.0489   0.1254
-2   16   1   0.9829   0.1162
-2   17   1   0.9696   0.1018
-2   18   1   0.8992   0.1386
-2   19   1   0.9730   0.1110
-2   20   1   1.0218   0.1058
-2   21   1   0.9667   0.1003
-2   22   1   1.0253   0.1139
-2   23   1   1.0619   0.1303
-2   24   1   0.9802   0.1127
-2   25   1   1.0558   0.1302
-2   26   1   1.0119   0.1162
-2   27   1   0.9905   0.1066
-2   28   1   1.1141   0.1111
-2   29   1   1.0149   0.1230
-2   30   1   0.9901   0.1152
-2   31   1   1.0783   0.1224
-2   32   1   1.0494   0.1281
-2   33   1   0.9537   0.1138
-2   34   1   0.9790   0.1082
-2   35   1   1.0019   0.1146
-2   36   1   0.9508   0.1248
-2   37   1   0.9280   0.1373
-2   38   1   1.0305   0.1520
-2   39   1   0.9833   0.0981
-2   40   1   1.0900   0.1324
-2   41   1   0.9442   0.1159
-2   42   1   0.9225   0.1204
-2   43   1   0.9062   0.1188
-2   44   1   0.8547   0.1276
-2   45   1   0.9916   0.1106
-2   46   1   0.9486   0.1042
-2   47   1   1.0083   0.1066
-2   48   1   0.9634   0.1381
-2   49   1   0.9264   0.1129
-2   50   1   1.0243   0.1059
-2   51   1   1.0505   0.1128
-2   52   1   1.0151   0.1195
-2   53   1   1.0713   0.1319
-2   54   1   1.0116   0.1152
-2   55   1   1.0605   0.1100
-2   56   1   0.9676   0.1091
-2   57   1   0.9607   0.1069
-2   58   1   0.9980   0.1386
-2   59   1   1.0906   0.1279
-2   60   1   0.9478   0.1089
-2   61   1   1.0503   0.1570
-2   62   1   0.9784   0.1354
-2   63   1   1.0750   0.1098
-2   64   1   1.0481   0.1267
-2   65   1   0.9727   0.1223
-2   66   1   0.9908   0.1024
-2   67   1   1.0784   0.1114
-2   68   1   0.9338   0.1088
-2   69   1   0.9845   0.1206
-2   70   1   1.0219   0.1222
-2   71   1   1.1244   0.1163
-2   72   1   0.8863   0.1240
-3    1   1   1.0753   0.1096
-3    2   1   0.8866   0.1339
-3    3   1   1.0230   0.1080
-3    4   1   1.0640   0.1250
-3    5   1   0.8963   0.1100
-3    6   1   1.0548   0.1232
-3    7   1   1.0289   0.1189
-3    8   1   0.9486   0.1056
-3    9   1   0.9603   0.1057
-3   10   1   1.0727   0.1075
-3   11   1   1.1788   0.1179
-3   12   1   1.0228   0.1100
-3   13   1   1.0557   0.1098
-3   14   1   1.0000   0.1271
-3   15   1   1.0183   0.1008
-3   16   1   0.9725   0.1141
-3   17   1   1.0936   0.1434
-3   18   1   1.0377   0.1016
-3   19   1   0.9894   0.1473
-3   20   1   0.9258   0.1307
-3   21   1   0.9555   0.1295
-3   22   1   0.9608   0.1164
-3   23   1   0.9730   0.1217
-3   24   1   1.0464   0.1132
-3   25   1   1.0976   0.1190
-3   26   1   0.9899   0.1127
-3   27   1   0.9272   0.1398
-3   28   1   0.9678   0.1076
-3   29   1   1.0465   0.1138
-3   30   1   1.0439   0.1275
-3   31   1   0.9907   0.1254
-3   32   1   1.0494   0.1416
-3   33   1   1.0435   0.1050
-3   34   1   0.8773   0.1216
-3   35   1   0.8861   0.1113
-3   36   1   0.9476   0.1186
-3   37   1   1.0548   0.1256
-3   38   1   0.9730   0.1083
-3   39   1   0.9680   0.1260
-3   40   1   1.0572   0.1278
-3   41   1   0.9911   0.1185
-3   42   1   1.0156   0.1334
-3   43   1   0.9392   0.1048
-3   44   1   0.9671   0.1201
-3   45   1   0.9800   0.1255
-3   46   1   1.0279   0.1412
-3   47   1   0.9969   0.1336
-3   48   1   1.0402   0.1136
-3   49   1   0.9808   0.1202
-3   50   1   0.9222   0.1341
-3   51   1   1.0572   0.1477
-3   52   1   0.9964   0.1445
-3   53   1   1.0231   0.1248
-3   54   1   0.9981   0.1370
-3   55   1   0.9304   0.1146
-3   56   1   0.9580   0.1482
-3   57   1   0.9908   0.1446
-3   58   1   1.0030   0.1278
-3   59   1   1.0144   0.1027
-3   60   1   1.0249   0.1335
-3   61   1   1.0817   0.1338
-3   62   1   1.0706   0.1148
-3   63   1   1.0948   0.1028
-3   64   1   0.9901   0.1088
-3   65   1   0.9906   0.1178
-3   66   1   0.8962   0.1231
-3   67   1   1.0051   0.1204
-3   68   1   1.0027   0.1129
-3   69   1   0.9401   0.1391
-3   70   1   0.9941   0.1287
-3   71   1   1.0371   0.1150
-3   72   1   1.0827   0.1063
-4    1   1   1.0139   0.1245
-4    2   1   0.9658   0.1112
-4    3   1   1.1157   0.1255
-4    4   1   1.1465   0.1313
-4    5   1   0.9609   0.1034
-4    6   1   1.1163   0.1152
-4    7   1   0.9038   0.1008
-4    8   1   0.9300   0.1268
-4    9   1   0.9451   0.1155
-4   10   1   1.0100   0.1149
-4   11   1   1.0545   0.1159
-4   12   1   1.1098   0.1371
-4   13   1   1.0071   0.1129
-4   14   1   1.0774   0.1125
-4   15   1   0.9550   0.1177
-4   16   1   1.0224   0.1331
-4   17   1   0.9843   0.1087
-4   18   1   1.0401   0.1206
-4   19   1   0.9351   0.1016
-4   20   1   0.9357   0.1248
-4   21   1   0.9470   0.1214
-4   22   1   1.0230   0.1296
-4   23   1   1.0081   0.1195
-4   24   1   1.0856   0.1189
-4   25   1   0.9909   0.1299
-4   26   1   0.8969   0.1495
-4   27   1   0.9134   0.1112
-4   28   1   1.0365   0.1257
-4   29   1   0.9513   0.1258
-4   30   1   0.9918   0.1140
-4   31   1   0.9662   0.1186
-4   32   1   1.0749   0.1210
-4   33   1   0.9794   0.1092
-4   34   1   0.9521   0.1151
-4   35   1   0.9539   0.1036
-4   36   1   0.9389   0.1129
-4   37   1   1.0223   0.1129
-4   38   1   1.0124   0.1031
-4   39   1   0.9337   0.0945
-4   40   1   0.9349   0.1376
-4   41   1   0.9327   0.0975
-4   42   1   0.9443   0.1099
-4   43   1   0.9779   0.1146
-4   44   1   1.0597   0.1229
-4   45   1   1.0558   0.1124
-4   46   1   1.0622   0.1105
-4   47   1   0.9844   0.1253
-4   48   1   1.0109   0.1155
-4   49   1   0.9784   0.1117
-4   50   1   1.0047   0.1125
-4   51   1   0.9527   0.1220
-4   52   1   1.0363   0.1308
-4   53   1   1.0202   0.1076
-4   54   1   1.0055   0.1124
-4   55   1   0.9863   0.1126
-4   56   1   1.0695   0.1288
-4   57   1   0.8870   0.1172
-4   58   1   0.8957   0.1781
-4   59   1   0.9191   0.1164
-4   60   1   0.9336   0.1203
-4   61   1   1.0999   0.1383
-4   62   1   1.0800   0.1116
-4   63   1   1.0712   0.1114
-4   64   1   1.1149   0.1165
-4   65   1   0.9594   0.1128
-4   66   1   1.0560   0.1088
-4   67   1   1.0445   0.1076
-4   68   1   1.0073   0.1039
-4   69   1   1.0835   0.1113
-4   70   1   0.9787   0.1113
-4   71   1   1.0162   0.1383
-4   72   1   1.1042   0.1260
-5    1   1   1.0651   0.1039
-5    2   1   0.9341   0.1279
-5    3   1   0.9441   0.1306
-5    4   1   0.9801   0.1464
-5    5   1   0.9534   0.1072
-5    6   1   1.0556   0.1168
-5    7   1   0.9019   0.1132
-5    8   1   0.9502   0.1322
-5    9   1   0.8580   0.1273
-5   10   1   1.0714   0.1166
-5   11   1   1.0695   0.1343
-5   12   1   1.0768   0.1164
-5   13   1   1.0010   0.1117
-5   14   1   0.9724   0.1043
-5   15   1   0.9433   0.1153
-5   16   1   0.9188   0.0987
-5   17   1   1.0119   0.1158
-5   18   1   0.9228   0.1245
-5   19   1   1.0629   0.1066
-5   20   1   1.0288   0.1414
-5   21   1   1.1221   0.1241
-5   22   1   0.9676   0.1310
-5   23   1   0.9346   0.1320
-5   24   1   0.9039   0.1243
-5   25   1   1.0240   0.1083
-5   26   1   0.9467   0.1035
-5   27   1   0.9167   0.1610
-5   28   1   0.9136   0.1003
-5   29   1   0.9838   0.1502
-5   30   1   0.9210   0.1084
-5   31   1   1.0013   0.1192
-5   32   1   1.1443   0.1086
-5   33   1   0.9440   0.1339
-5   34   1   1.0364   0.1090
-5   35   1   1.0304   0.1022
-5   36   1   1.0500   0.1054
-5   37   1   1.0633   0.1258
-5   38   1   1.0190   0.1335
-5   39   1   0.9871   0.1205
-5   40   1   0.9905   0.1220
-5   41   1   0.9224   0.1159
-5   42   1   0.9675   0.1130
-5   43   1   0.9325   0.1134
-5   44   1   0.9728   0.1339
-5   45   1   1.0461   0.1095
-5   46   1   1.0458   0.1185
-5   47   1   1.0861   0.1071
-5   48   1   0.9808   0.1069
-5   49   1   0.9860   0.1100
-5   50   1   0.9055   0.1076
-5   51   1   1.0553   0.1027
-5   52   1   1.0241   0.1157
-5   53   1   1.0288   0.1159
-5   54   1   0.9508   0.1269
-5   55   1   0.9654   0.1095
-5   56   1   0.9938   0.1227
-5   57   1   0.9905   0.1232
-5   58   1   1.0356   0.1050
-5   59   1   1.0102   0.1200
-5   60   1   0.9526   0.1419
-5   61   1   0.9777   0.1209
-5   62   1   1.1553   0.1009
-5   63   1   1.1219   0.1121
-5   64   1   1.0421   0.1258
-5   65   1   1.0426   0.1241
-5   66   1   1.0345   0.1094
-5   67   1   1.0545   0.1471
-5   68   1   0.9165   0.0966
-5   69   1   1.0308   0.1197
-5   70   1   1.0640   0.1250
-5   71   1   1.0432   0.1269
-5   72   1   1.1316   0.1118
-6    1   1   1.0379   0.1062
-6    2   1   1.0000   0.0000
-6    3   1   1.0237   0.1364
-6    4   1   1.1442   0.1307
-6    5   1   0.9222   0.1150
-6    6   1   1.0349   0.1210
-6    7   1   0.9822   0.1011
-6    8   1   1.1045   0.1105
-6    9   1   0.9199   0.1362
-6   10   1   1.0295   0.1195
-6   11   1   1.0299   0.0963
-6   12   1   1.1548   0.1211
-6   13   1   1.0365   0.1094
-6   14   1   1.0172   0.1164
-6   15   1   0.8614   0.1016
-6   16   1   0.9233   0.1078
-6   17   1   1.0058   0.1130
-6   18   1   0.9736   0.1114
-6   19   1   1.1101   0.1223
-6   20   1   0.9741   0.1366
-6   21   1   0.9898   0.1019
-6   22   1   0.9960   0.1192
-6   23   1   0.8996   0.1046
-6   24   1   0.9803   0.1081
-6   25   1   1.0486   0.1082
-6   26   1   1.0469   0.1343
-6   27   1   0.8863   0.1174
-6   28   1   1.0597   0.1283
-6   29   1   0.9378   0.1146
-6   30   1   0.9799   0.1374
-6   31   1   0.9624   0.1242
-6   32   1   1.0684   0.1143
-6   33   1   1.0645   0.1035
-6   34   1   1.0555   0.1038
-6   35   1   0.9679   0.1391
-6   36   1   1.0286   0.1040
-6   37   1   0.9725   0.1236
-6   38   1   0.9791   0.1092
-6   39   1   0.9495   0.0979
-6   40   1   1.0062   0.1375
-6   41   1   1.0456   0.1065
-6   42   1   1.0066   0.0985
-6   43   1   0.9827   0.1055
-6   44   1   1.0046   0.1065
-6   45   1   0.8498   0.1298
-6   46   1   1.0133   0.1192
-6   47   1   1.1320   0.1146
-6   48   1   0.9891   0.1030
-6   49   1   1.0159   0.1195
-6   50   1   1.0032   0.1102
-6   51   1   1.0498   0.1187
-6   52   1   0.9385   0.1148
-6   53   1   1.0381   0.1037
-6   54   1   1.0097   0.1142
-6   55   1   1.0301   0.1017
-6   56   1   1.1076   0.1040
-6   57   1   0.9136   0.1117
-6   58   1   1.0345   0.1097
-6   59   1   1.0082   0.1035
-6   60   1   0.9190   0.1184
-6   61   1   0.9638   0.1349
-6   62   1   1.0858   0.1205
-6   63   1   1.0357   0.1265
-6   64   1   0.9708   0.1389
-6   65   1   1.0053   0.1159
-6   66   1   1.0022   0.1211
-6   67   1   1.0714   0.1063
-6   68   1   0.9013   0.1351
-6   69   1   0.9383   0.1427
-6   70   1   0.9103   0.1064
-6   71   1   0.9537   0.1100
-6   72   1   1.0496   0.1093
-7    1   1   1.0807   0.1051
-7    2   1   1.0194   0.1233
-7    3   1   1.0459   0.1227
-7    4   1   1.0697   0.1342
-7    5   1   0.9782   0.1185
-7    6   1   1.0426   0.1395
-7    7   1   0.9122   0.1244
-7    8   1   1.0288   0.1155
-7    9   1   1.0658   0.1423
-7   10   1   1.0139   0.1059
-7   11   1   1.0157   0.1225
-7   12   1   0.9666   0.1095
-7   13   1   1.0382   0.0995
-7   14   1   1.0374   0.1176
-7   15   1   0.9553   0.1019
-7   16   1   1.0548   0.1211
-7   17   1   1.0261   0.1181
-7   18   1   1.0155   0.1174
-7   19   1   1.0493   0.1548
-7   20   1   1.0776   0.1398
-7   21   1   1.0189   0.1186
-7   22   1   0.8969   0.1106
-7   23   1   1.0158   0.1060
-7   24   1   0.9840   0.1039
-7   25   1   1.0287   0.1001
-7   26   1   0.9786   0.1232
-7   27   1   0.9373   0.1314
-7   28   1   0.9988   0.1034
-7   29   1   0.9594   0.1152
-7   30   1   0.8730   0.1314
-7   31   1   0.9194   0.1314
-7   32   1   0.9351   0.1293
-7   33   1   0.8918   0.1094
-7   34   1   0.8406   0.1022
-7   35   1   0.9488   0.1051
-7   36   1   1.0112   0.1217
-7   37   1   1.0435   0.1053
-7   38   1   0.9910   0.1577
-7   39   1   1.0284   0.1031
-7   40   1   1.0565   0.1299
-7   41   1   0.9216   0.1187
-7   42   1   1.0091   0.1553
-7   43   1   1.0336   0.1173
-7   44   1   1.0309   0.0950
-7   45   1   0.9701   0.1084
-7   46   1   1.0651   0.1247
-7   47   1   1.0038   0.1155
-7   48   1   1.0124   0.1166
-7   49   1   1.1396   0.1237
-7   50   1   1.0436   0.1361
-7   51   1   0.9799   0.1470
-7   52   1   0.9789   0.1087
-7   53   1   1.0014   0.1200
-7   54   1   1.0289   0.1100
-7   55   1   1.0711   0.1198
-7   56   1   1.0718   0.0985
-7   57   1   0.9932   0.1254
-7   58   1   0.9917   0.1281
-7   59   1   0.8399   0.1342
-7   60   1   1.0525   0.1271
-7   61   1   0.9853   0.0994
-7   62   1   1.0329   0.1067
-7   63   1   0.9489   0.1297
-7   64   1   1.0776   0.0996
-7   65   1   0.9505   0.1165
-7   66   1   0.9226   0.1241
-7   67   1   0.9856   0.1095
-7   68   1   0.9938   0.1094
-7   69   1   1.0633   0.1122
-7   70   1   0.9906   0.1245
-7   71   1   1.0231   0.1299
-7   72   1   0.9891   0.1474
-8    1   1   1.0946   0.1101
-8    2   1   1.1047   0.1309
-8    3   1   0.9808   0.1293
-8    4   1   1.0234   0.1279
-8    5   1   0.9007   0.1375
-8    6   1   1.0945   0.1239
-8    7   1   0.9134   0.1249
-8    8   1   1.0400   0.1349
-8    9   1   0.9273   0.1281
-8   10   1   0.9979   0.1200
-8   11   1   0.9240   0.1064
-8   12   1   1.0042   0.1024
-8   13   1   0.9111   0.0977
-8   14   1   0.9070   0.1267
-8   15   1   0.9755   0.1139
-8   16   1   0.9452   0.1451
-8   17   1   1.0202   0.1114
-8   18   1   0.9885   0.0989
-8   19   1   0.9828   0.1150
-8   20   1   1.0256   0.1226
-8   21   1   1.0091   0.1222
-8   22   1   1.0490   0.1128
-8   23   1   1.0690   0.1465
-8   24   1   0.9964   0.1437
-8   25   1   0.9477   0.1073
-8   26   1   0.9118   0.1064
-8   27   1   0.9885   0.1319
-8   28   1   0.9575   0.1275
-8   29   1   0.9438   0.1140
-8   30   1   1.0115   0.1601
-8   31   1   0.9720   0.1229
-8   32   1   1.0026   0.1157
-8   33   1   0.8998   0.1238
-8   34   1   0.9911   0.1096
-8   35   1   1.0847   0.0967
-8   36   1   0.9986   0.1047
-8   37   1   1.1047   0.1004
-8   38   1   1.0105   0.1272
-8   39   1   0.9454   0.1206
-8   40   1   1.0780   0.1145
-8   41   1   1.0375   0.1089
-8   42   1   1.0776   0.1119
-8   43   1   1.0277   0.1002
-8   44   1   0.9980   0.1253
-8   45   1   0.9665   0.0978
-8   46   1   1.0416   0.1100
-8   47   1   0.9270   0.1091
-8   48   1   1.0424   0.1134
-8   49   1   1.0493   0.1107
-8   50   1   1.0547   0.1306
-8   51   1   1.0993   0.1073
-8   52   1   1.0211   0.1115
-8   53   1   1.0367   0.0979
-8   54   1   1.0026   0.1249
-8   55   1   1.0065   0.1290
-8   56   1   0.9057   0.1083
-8   57   1   1.0159   0.1171
-8   58   1   1.0216   0.1059
-8   59   1   0.9441   0.1078
-8   60   1   0.9603   0.0927
-8   61   1   0.8826   0.1028
-8   62   1   0.9781   0.1042
-8   63   1   1.0017   0.1074
-8   64   1   1.0201   0.1416
-8   65   1   1.0362   0.1241
-8   66   1   1.0865   0.1221
-8   67   1   0.9855   0.1095
-8   68   1   0.9964   0.1539
-8   69   1   1.0432   0.1286
-8   70   1   0.9975   0.1324
-8   71   1   0.9778   0.1060
-8   72   1   1.0743   0.1036
-9    1   1   0.9011   0.1054
-9    2   1   0.9769   0.1031
-9    3   1   1.0990   0.1243
-9    4   1   0.9623   0.1030
-9    5   1   1.0013   0.1364
-9    6   1   1.0775   0.1126
-9    7   1   0.9025   0.0905
-9    8   1   1.0208   0.1048
-9    9   1   0.9693   0.1221
-9   10   1   0.9668   0.1202
-9   11   1   0.9573   0.1058
-9   12   1   0.9910   0.1111
-9   13   1   0.9911   0.1260
-9   14   1   0.8917   0.1190
-9   15   1   0.9700   0.1175
-9   16   1   0.9297   0.1237
-9   17   1   0.9551   0.1084
-9   18   1   0.9656   0.1224
-9   19   1   0.9624   0.1098
-9   20   1   0.9978   0.1156
-9   21   1   0.9620   0.1253
-9   22   1   1.0140   0.1075
-9   23   1   0.9726   0.0925
-9   24   1   1.0858   0.0989
-9   25   1   0.9987   0.1151
-9   26   1   0.9159   0.1172
-9   27   1   1.0155   0.1232
-9   28   1   1.0246   0.1283
-9   29   1   1.0224   0.1182
-9   30   1   1.0850   0.1036
-9   31   1   1.0460   0.1138
-9   32   1   1.0348   0.1089
-9   33   1   1.0553   0.1106
-9   34   1   1.0925   0.1118
-9   35   1   1.0086   0.1019
-9   36   1   1.1186   0.1092
-9   37   1   0.9803   0.1216
-9   38   1   0.9434   0.0984
-9   39   1   1.0165   0.0983
-9   40   1   0.9963   0.1139
-9   41   1   1.0099   0.1227
-9   42   1   1.0669   0.1050
-9   43   1   0.8970   0.1079
-9   44   1   0.9168   0.1164
-9   45   1   1.0498   0.1003
-9   46   1   0.9594   0.1152
-9   47   1   1.0351   0.1193
-9   48   1   0.9840   0.1443
-9   49   1   0.9780   0.1136
-9   50   1   0.9743   0.1158
-9   51   1   1.0380   0.1264
-9   52   1   0.9672   0.1038
-9   53   1   0.9900   0.1029
-9   54   1   0.9962   0.0982
-9   55   1   1.0229   0.1168
-9   56   1   1.0404   0.1064
-9   57   1   1.0419   0.1042
-9   58   1   1.0290   0.1061
-9   59   1   1.0157   0.1072
-9   60   1   1.0366   0.1049
-9   61   1   0.9710   0.0931
-9   62   1   0.9647   0.1059
-9   63   1   1.0100   0.1169
-9   64   1   1.0795   0.0953
-9   65   1   1.1138   0.1195
-9   66   1   0.9811   0.1082
-9   67   1   1.0119   0.0974
-9   68   1   0.9965   0.1038
-9   69   1   1.0557   0.0981
-9   70   1   1.0030   0.1144
-9   71   1   1.0448   0.1110
-9   72   1   0.9673   0.0957
-10    1   1   1.0495   0.0907
-10    2   1   1.0000   0.0000
-10    3   1   1.0555   0.1004
-10    4   1   1.1004   0.1002
-10    5   1   0.9733   0.1071
-10    6   1   1.1695   0.1148
-10    7   1   1.0104   0.0975
-10    8   1   1.0412   0.1080
-10    9   1   0.9840   0.1007
-10   10   1   1.0088   0.1113
-10   11   1   0.9842   0.1095
-10   12   1   1.0135   0.1103
-10   13   1   1.0047   0.1045
-10   14   1   0.9782   0.1068
-10   15   1   1.0514   0.0899
-10   16   1   1.0426   0.0926
-10   17   1   0.9612   0.1359
-10   18   1   0.9626   0.1198
-10   19   1   0.9843   0.1190
-10   20   1   1.0602   0.0993
-10   21   1   0.9615   0.1001
-10   22   1   0.9832   0.0922
-10   23   1   0.9393   0.0982
-10   24   1   1.0297   0.0977
-10   25   1   0.9909   0.0959
-10   26   1   0.9987   0.0977
-10   27   1   0.9753   0.1153
-10   28   1   0.9502   0.1129
-10   29   1   1.1064   0.0910
-10   30   1   1.0102   0.1167
-10   31   1   1.0501   0.1058
-10   32   1   1.0801   0.1089
-10   33   1   1.0501   0.0963
-10   34   1   0.9582   0.1026
-10   35   1   0.9550   0.1026
-10   36   1   1.1077   0.1056
-10   37   1   0.9298   0.1010
-10   38   1   1.0356   0.1023
-10   39   1   1.0198   0.1265
-10   40   1   1.0775   0.1049
-10   41   1   1.0287   0.1033
-10   42   1   1.0377   0.0925
-10   43   1   0.9241   0.1222
-10   44   1   0.9389   0.0922
-10   45   1   1.0612   0.0952
-10   46   1   0.9876   0.1073
-10   47   1   0.9451   0.1172
-10   48   1   0.9927   0.1090
-10   49   1   0.9779   0.0957
-10   50   1   0.9753   0.1223
-10   51   1   1.0096   0.1015
-10   52   1   0.9545   0.1100
-10   53   1   0.8870   0.1084
-10   54   1   0.8813   0.1042
-10   55   1   0.9428   0.0947
-10   56   1   0.9863   0.1246
-10   57   1   0.9408   0.1130
-10   58   1   0.9958   0.0992
-10   59   1   0.9490   0.1298
-10   60   1   0.9123   0.0961
-10   61   1   0.9685   0.1280
-10   62   1   0.9474   0.1027
-10   63   1   1.0416   0.1331
-10   64   1   1.0707   0.1149
-10   65   1   1.0284   0.1441
-10   66   1   0.9467   0.1088
-10   67   1   1.0078   0.1141
-10   68   1   1.0905   0.0989
-10   69   1   0.9831   0.0933
-10   70   1   1.0153   0.1006
-10   71   1   1.0125   0.1005
-10   72   1   1.0283   0.0909
-11    1   1   1.0854   0.0999
-11    2   1   0.9324   0.1055
-11    3   1   0.9591   0.1371
-11    4   1   1.0169   0.1119
-11    5   1   1.0065   0.1004
-11    6   1   1.0813   0.1047
-11    7   1   1.0487   0.0892
-11    8   1   1.0621   0.0957
-11    9   1   0.9786   0.1031
-11   10   1   0.9370   0.1169
-11   11   1   0.9946   0.1085
-11   12   1   0.9829   0.1025
-11   13   1   1.0697   0.0992
-11   14   1   1.0763   0.1124
-11   15   1   0.9017   0.1168
-11   16   1   1.0226   0.0926
-11   17   1   0.9850   0.0903
-11   18   1   0.9848   0.0984
-11   19   1   1.0182   0.1049
-11   20   1   1.0575   0.1016
-11   21   1   1.0092   0.1132
-11   22   1   0.9983   0.0980
-11   23   1   0.9735   0.0985
-11   24   1   1.0356   0.0940
-11   25   1   0.9890   0.0955
-11   26   1   0.9294   0.1110
-11   27   1   1.0236   0.0979
-11   28   1   1.0351   0.1011
-11   29   1   1.0240   0.0951
-11   30   1   0.9010   0.1397
-11   31   1   0.9844   0.1085
-11   32   1   0.9177   0.1055
-11   33   1   1.0334   0.0947
-11   34   1   0.9451   0.1067
-11   35   1   1.0012   0.0948
-11   36   1   1.0165   0.0935
-11   37   1   1.0153   0.0949
-11   38   1   1.0781   0.0996
-11   39   1   1.0542   0.1047
-11   40   1   1.1071   0.1006
-11   41   1   1.0187   0.1005
-11   42   1   1.0782   0.0992
-11   43   1   0.9560   0.1028
-11   44   1   0.9437   0.0914
-11   45   1   0.9298   0.0932
-11   46   1   0.9650   0.0932
-11   47   1   1.0453   0.0898
-11   48   1   0.9888   0.1133
-11   49   1   0.9719   0.1051
-11   50   1   0.8914   0.1252
-11   51   1   1.0425   0.1008
-11   52   1   0.9904   0.1089
-11   53   1   0.9775   0.0941
-11   54   1   0.9961   0.0870
-11   55   1   0.9979   0.0996
-11   56   1   0.9798   0.1003
-11   57   1   0.9683   0.1063
-11   58   1   0.9851   0.0984
-11   59   1   1.0322   0.1034
-11   60   1   0.9961   0.1040
-11   61   1   0.9203   0.0991
-11   62   1   0.9786   0.0806
-11   63   1   1.0754   0.1147
-11   64   1   1.0482   0.1058
-11   65   1   0.9778   0.1177
-11   66   1   1.0519   0.1146
-11   67   1   1.0034   0.0884
-11   68   1   1.1214   0.0916
-11   69   1   0.9319   0.0984
-11   70   1   0.9801   0.0980
-11   71   1   1.0033   0.0987
-11   72   1   1.0351   0.0915
-12    1   1   0.8966   0.1137
-12    2   1   0.9609   0.1330
-12    3   1   1.0619   0.0961
-12    4   1   1.0072   0.0915
-12    5   1   0.9711   0.0993
-12    6   1   1.0765   0.1153
-12    7   1   1.1423   0.0931
-12    8   1   1.0030   0.0977
-12    9   1   0.9962   0.1026
-12   10   1   0.9743   0.0946
-12   11   1   0.9845   0.1039
-12   12   1   1.0693   0.0956
-12   13   1   1.0671   0.1025
-12   14   1   0.9913   0.1009
-12   15   1   0.9914   0.0876
-12   16   1   1.0514   0.1019
-12   17   1   0.9409   0.0975
-12   18   1   0.9959   0.1060
-12   19   1   1.0187   0.0901
-12   20   1   1.0355   0.1022
-12   21   1   0.9539   0.0890
-12   22   1   1.0499   0.0855
-12   23   1   0.8865   0.0862
-12   24   1   0.9783   0.0808
-12   25   1   1.0573   0.1003
-12   26   1   0.9174   0.1067
-12   27   1   0.9449   0.0948
-12   28   1   0.9711   0.1076
-12   29   1   1.0024   0.0917
-12   30   1   0.9718   0.0978
-12   31   1   0.9971   0.1076
-12   32   1   1.0109   0.0906
-12   33   1   0.9730   0.0908
-12   34   1   1.0491   0.0968
-12   35   1   0.9960   0.1009
-12   36   1   0.9845   0.1096
-12   37   1   1.0414   0.0978
-12   38   1   1.0416   0.0999
-12   39   1   1.1315   0.1222
-12   40   1   0.9965   0.0969
-12   41   1   0.9670   0.1109
-12   42   1   0.9856   0.1067
-12   43   1   0.9510   0.0856
-12   44   1   1.0025   0.1056
-12   45   1   0.9233   0.1016
-12   46   1   0.9545   0.0969
-12   47   1   0.9737   0.0968
-12   48   1   0.9568   0.1108
-12   49   1   0.8710   0.1146
-12   50   1   0.9700   0.1002
-12   51   1   1.0282   0.0980
-12   52   1   0.9320   0.0976
-12   53   1   0.9321   0.1066
-12   54   1   0.9010   0.1120
-12   55   1   1.0693   0.1047
-12   56   1   0.9785   0.1118
-12   57   1   1.0099   0.0999
-12   58   1   1.0343   0.0968
-12   59   1   1.0567   0.1013
-12   60   1   0.9913   0.1077
-12   61   1   1.0222   0.0940
-12   62   1   1.0582   0.0929
-12   63   1   1.0880   0.0896
-12   64   1   1.0890   0.0917
-12   65   1   1.0289   0.0984
-12   66   1   1.0391   0.1266
-12   67   1   1.0631   0.1175
-12   68   1   1.1147   0.0970
-12   69   1   1.0287   0.0907
-12   70   1   1.0184   0.0892
-12   71   1   0.9773   0.1095
-12   72   1   1.0027   0.0927
-13    1   1   0.9855   0.0921
-13    2   1   1.0355   0.1028
-13    3   1   0.9984   0.0901
-13    4   1   1.0224   0.0877
-13    5   1   1.0434   0.0989
-13    6   1   1.0725   0.1060
-13    7   1   1.0000   0.0000
-13    8   1   0.9303   0.1099
-13    9   1   0.9844   0.0988
-13   10   1   0.9497   0.1057
-13   11   1   1.0094   0.0938
-13   12   1   1.0405   0.0913
-13   13   1   1.0360   0.0825
-13   14   1   1.0348   0.0964
-13   15   1   1.0873   0.0984
-13   16   1   1.0453   0.1149
-13   17   1   1.0209   0.0881
-13   18   1   0.9380   0.0970
-13   19   1   1.0123   0.0936
-13   20   1   1.0622   0.0835
-13   21   1   1.0102   0.0857
-13   22   1   1.0520   0.0905
-13   23   1   0.8924   0.0820
-13   24   1   0.9749   0.0859
-13   25   1   1.0299   0.0853
-13   26   1   1.0143   0.0935
-13   27   1   0.9786   0.0872
-13   28   1   0.9721   0.0908
-13   29   1   0.9593   0.0993
-13   30   1   0.9663   0.0854
-13   31   1   1.0238   0.0922
-13   32   1   0.9504   0.0907
-13   33   1   1.0080   0.1006
-13   34   1   1.0535   0.0957
-13   35   1   0.9857   0.0999
-13   36   1   0.9908   0.0889
-13   37   1   1.0320   0.0936
-13   38   1   0.9963   0.1008
-13   39   1   1.0465   0.0884
-13   40   1   0.9483   0.1058
-13   41   1   0.9549   0.0956
-13   42   1   0.9330   0.0914
-13   43   1   0.9905   0.0883
-13   44   1   0.9842   0.0822
-13   45   1   0.9658   0.0976
-13   46   1   0.9887   0.0867
-13   47   1   0.9290   0.0926
-13   48   1   1.0157   0.0870
-13   49   1   0.9102   0.0990
-13   50   1   0.9484   0.0837
-13   51   1   1.0467   0.0874
-13   52   1   0.9542   0.1033
-13   53   1   0.9163   0.0918
-13   54   1   0.9791   0.0808
-13   55   1   0.9748   0.0939
-13   56   1   0.9218   0.0806
-13   57   1   0.9706   0.0832
-13   58   1   1.0482   0.0827
-13   59   1   1.0662   0.0889
-13   60   1   1.0492   0.1124
-13   61   1   1.0436   0.0871
-13   62   1   0.9563   0.0875
-13   63   1   1.0558   0.0906
-13   64   1   1.0757   0.0889
-13   65   1   1.0293   0.0873
-13   66   1   0.9610   0.0965
-13   67   1   1.0579   0.0887
-13   68   1   1.0372   0.0982
-13   69   1   1.1077   0.0937
-13   70   1   1.0074   0.1006
-13   71   1   0.9846   0.1217
-13   72   1   1.0026   0.0867
-14    1   1   0.9864   0.0774
-14    2   1   1.0638   0.0993
-14    3   1   1.1217   0.0822
-14    4   1   1.0682   0.0836
-14    5   1   1.0092   0.0984
-14    6   1   0.9968   0.1134
-14    7   1   0.9615   0.0965
-14    8   1   1.0802   0.0929
-14    9   1   0.9242   0.0732
-14   10   1   1.0221   0.1137
-14   11   1   1.0039   0.0857
-14   12   1   0.9670   0.0983
-14   13   1   0.9728   0.0982
-14   14   1   1.0484   0.0837
-14   15   1   0.9946   0.0904
-14   16   1   1.0023   0.0867
-14   17   1   1.0800   0.1179
-14   18   1   1.0303   0.0876
-14   19   1   1.0040   0.0855
-14   20   1   0.9931   0.1017
-14   21   1   1.0343   0.0982
-14   22   1   0.9969   0.1050
-14   23   1   1.0000   0.0898
-14   24   1   1.0439   0.0926
-14   25   1   1.0024   0.0928
-14   26   1   0.9713   0.0835
-14   27   1   0.9333   0.0962
-14   28   1   0.9645   0.0940
-14   29   1   0.9441   0.1012
-14   30   1   0.9844   0.0952
-14   31   1   0.9732   0.0849
-14   32   1   0.9933   0.0967
-14   33   1   0.9790   0.0926
-14   34   1   1.0292   0.0883
-14   35   1   0.9891   0.0833
-14   36   1   1.0325   0.0978
-14   37   1   1.0425   0.0898
-14   38   1   0.9961   0.0989
-14   39   1   1.0933   0.0849
-14   40   1   1.0924   0.0844
-14   41   1   1.0412   0.0901
-14   42   1   0.9773   0.0968
-14   43   1   1.0359   0.0887
-14   44   1   1.0192   0.0885
-14   45   1   0.9907   0.0947
-14   46   1   0.9717   0.0918
-14   47   1   1.0017   0.0769
-14   48   1   1.0288   0.0889
-14   49   1   0.9336   0.0975
-14   50   1   0.9898   0.0847
-14   51   1   1.0013   0.0973
-14   52   1   0.9612   0.1118
-14   53   1   0.9841   0.0986
-14   54   1   0.9327   0.0909
-14   55   1   0.9597   0.0846
-14   56   1   0.9324   0.0990
-14   57   1   0.9273   0.1212
-14   58   1   1.0113   0.0872
-14   59   1   1.0130   0.1079
-14   60   1   0.9737   0.0865
-14   61   1   0.9868   0.0953
-14   62   1   1.0151   0.0910
-14   63   1   1.0329   0.0848
-14   64   1   0.9960   0.0892
-14   65   1   0.9599   0.0835
-14   66   1   1.0041   0.0948
-14   67   1   0.9872   0.0914
-14   68   1   0.9469   0.0966
-14   69   1   1.0088   0.0997
-14   70   1   1.0361   0.0909
-14   71   1   1.0105   0.1041
-14   72   1   0.9737   0.0908
-15    1   1   0.9842   0.0857
-15    2   1   0.9801   0.0809
-15    3   1   1.0015   0.1101
-15    4   1   1.0074   0.0868
-15    5   1   1.0362   0.0943
-15    6   1   1.1430   0.0880
-15    7   1   0.9882   0.0844
-15    8   1   1.1214   0.0980
-15    9   1   1.0043   0.0780
-15   10   1   0.9853   0.0850
-15   11   1   0.9366   0.0969
-15   12   1   1.0284   0.0775
-15   13   1   1.0828   0.0835
-15   14   1   1.0492   0.0863
-15   15   1   0.9830   0.0703
-15   16   1   1.0348   0.0807
-15   17   1   0.9569   0.0790
-15   18   1   1.0509   0.0912
-15   19   1   1.0707   0.0829
-15   20   1   1.0718   0.0804
-15   21   1   1.0407   0.0856
-15   22   1   1.0358   0.0783
-15   23   1   0.9785   0.0875
-15   24   1   1.0225   0.0824
-15   25   1   1.0418   0.0825
-15   26   1   0.9724   0.0890
-15   27   1   0.8818   0.0961
-15   28   1   0.9673   0.0703
-15   29   1   0.9380   0.0857
-15   30   1   0.9982   0.1017
-15   31   1   0.9281   0.0817
-15   32   1   1.0236   0.0887
-15   33   1   1.0029   0.0829
-15   34   1   0.9610   0.1107
-15   35   1   1.0294   0.0841
-15   36   1   1.0744   0.0928
-15   37   1   1.0393   0.0806
-15   38   1   0.9766   0.0820
-15   39   1   0.9759   0.0924
-15   40   1   1.0522   0.0789
-15   41   1   0.9550   0.0837
-15   42   1   1.0139   0.0754
-15   43   1   0.9677   0.0868
-15   44   1   1.0122   0.0813
-15   45   1   0.9916   0.0860
-15   46   1   0.9813   0.0739
-15   47   1   1.0274   0.1092
-15   48   1   0.9909   0.0939
-15   49   1   1.0910   0.0860
-15   50   1   0.9990   0.0809
-15   51   1   1.0345   0.0726
-15   52   1   1.0276   0.0799
-15   53   1   0.9726   0.0968
-15   54   1   0.9746   0.0789
-15   55   1   1.0130   0.0807
-15   56   1   0.9668   0.0824
-15   57   1   0.9248   0.0912
-15   58   1   1.0277   0.0929
-15   59   1   1.0417   0.0914
-15   60   1   0.9747   0.0960
-15   61   1   0.9769   0.0922
-15   62   1   0.9778   0.0847
-15   63   1   1.0212   0.0740
-15   64   1   1.0472   0.0837
-15   65   1   0.8589   0.0985
-15   66   1   0.9616   0.0932
-15   67   1   0.9439   0.0901
-15   68   1   0.9439   0.0944
-15   69   1   0.9691   0.0830
-15   70   1   0.9913   0.0870
-15   71   1   1.0300   0.0759
-15   72   1   0.9726   0.0898
-16    1   1   0.9679   0.1421
-16    2   1   0.9471   0.1404
-16    3   1   0.9954   0.1204
-16    4   1   1.0103   0.1195
-16    5   1   0.9726   0.1236
-16    6   1   1.1070   0.1325
-16    7   1   1.0032   0.1187
-16    8   1   1.0226   0.1355
-16    9   1   0.9803   0.1110
-16   10   1   0.9963   0.1340
-16   11   1   0.9596   0.1207
-16   12   1   1.0150   0.1256
-16   13   1   1.0243   0.1234
-16   14   1   1.0475   0.1239
-16   15   1   0.9617   0.1128
-16   16   1   1.0846   0.1330
-16   17   1   1.0338   0.1230
-16   18   1   0.9635   0.1099
-16   19   1   1.0226   0.1167
-16   20   1   1.0177   0.1212
-16   21   1   1.0635   0.1261
-16   22   1   0.9622   0.1165
-16   23   1   0.9567   0.1147
-16   24   1   0.9862   0.1412
-16   25   1   1.0994   0.1428
-16   26   1   1.0806   0.1243
-16   27   1   0.9685   0.1214
-16   28   1   1.0166   0.1276
-16   29   1   0.9441   0.1273
-16   30   1   0.9713   0.1205
-16   31   1   1.0356   0.1355
-16   32   1   1.0782   0.1268
-16   33   1   0.9605   0.1144
-16   34   1   0.9199   0.1298
-16   35   1   0.9712   0.1455
-16   36   1   1.0031   0.1279
-16   37   1   0.9794   0.1239
-16   38   1   1.0286   0.1292
-16   39   1   0.9847   0.1262
-16   40   1   1.0292   0.1567
-16   41   1   0.9614   0.1204
-16   42   1   1.0228   0.1199
-16   43   1   0.9247   0.1091
-16   44   1   0.9256   0.1380
-16   45   1   0.9562   0.1341
-16   46   1   0.9853   0.1169
-16   47   1   1.0691   0.1310
-16   48   1   1.0152   0.1197
-16   49   1   1.0022   0.1375
-16   50   1   0.9437   0.1370
-16   51   1   1.0862   0.1240
-16   52   1   0.9756   0.1361
-16   53   1   0.9775   0.1215
-16   54   1   1.0102   0.1246
-16   55   1   1.0288   0.1220
-16   56   1   0.9323   0.1223
-16   57   1   1.0093   0.1292
-16   58   1   0.9963   0.1432
-16   59   1   0.9607   0.1515
-16   60   1   0.9326   0.1354
-16   61   1   0.9316   0.1596
-16   62   1   1.0191   0.1190
-16   63   1   1.0297   0.1208
-16   64   1   1.1922   0.1529
-16   65   1   0.9727   0.1301
-16   66   1   1.0039   0.1210
-16   67   1   0.9819   0.1277
-16   68   1   1.0425   0.1302
-16   69   1   1.0566   0.1237
-16   70   1   1.0220   0.1359
-16   71   1   0.9764   0.1302
-16   72   1   0.9826   0.1294
