-1    1   1   1.0000   0.0000
-1    2   1   1.0000   0.0000
-1    3   1   1.0000   0.0000
-1    4   1   1.0000   0.0000
-1    5   1   1.0000   0.0000
-1    6   1   1.0000   0.0000
-1    7   1   1.0000   0.0000
-1    8   1   1.0000   0.0000
-1    9   1   1.0000   0.0000
-1   10   1   1.0000   0.0000
-1   11   1   1.0000   0.0000
-1   12   1   1.0000   0.0000
-1   13   1   1.0000   0.0000
-1   14   1   1.0000   0.0000
-1   15   1   1.0000   0.0000
-1   16   1   1.0000   0.0000
-1   17   1   1.0000   0.0000
-1   18   1   1.0000   0.0000
-1   19   1   1.0000   0.0000
-1   20   1   1.0000   0.0000
-1   21   1   1.0000   0.0000
-1   22   1   1.0000   0.0000
-1   23   1   1.0000   0.0000
-1   24   1   1.0000   0.0000
-1   25   1   1.0000   0.0000
-1   26   1   1.0000   0.0000
-1   27   1   1.0000   0.0000
-1   28   1   1.0000   0.0000
-1   29   1   1.0000   0.0000
-1   30   1   1.0000   0.0000
-1   31   1   1.0000   0.0000
-1   32   1   1.0000   0.0000
-1   33   1   1.0000   0.0000
-1   34   1   1.0000   0.0000
-1   35   1   1.0000   0.0000
-1   36   1   1.0000   0.0000
-1   37   1   1.0000   0.0000
-1   38   1   1.0000   0.0000
-1   39   1   1.0000   0.0000
-1   40   1   1.0000   0.0000
-1   41   1   1.0000   0.0000
-1   42   1   1.0000   0.0000
-1   43   1   1.0000   0.0000
-1   44   1   1.0000   0.0000
-1   45   1   1.0000   0.0000
-1   46   1   1.0000   0.0000
-1   47   1   1.0000   0.0000
-1   48   1   1.0000   0.0000
-1   49   1   1.0000   0.0000
-1   50   1   1.0000   0.0000
-1   51   1   1.0000   0.0000
-1   52   1   1.0000   0.0000
-1   53   1   1.0000   0.0000
-1   54   1   1.0000   0.0000
-1   55   1   1.0000   0.0000
-1   56   1   1.0000   0.0000
-1   57   1   1.0000   0.0000
-1   58   1   1.0000   0.0000
-1   59   1   1.0000   0.0000
-1   60   1   1.0000   0.0000
-1   61   1   1.0000   0.0000
-1   62   1   1.0000   0.0000
-1   63   1   1.0000   0.0000
-1   64   1   1.0000   0.0000
-1   65   1   1.0000   0.0000
-1   66   1   1.0000   0.0000
-1   67   1   1.0000   0.0000
-1   68   1   1.0000   0.0000
-1   69   1   1.0000   0.0000
-1   70   1   1.0000   0.0000
-1   71   1   1.0000   0.0000
-1   72   1   1.0000   0.0000
-2    1   1   1.0000   0.0000
-2    2   1   1.0000   0.0000
-2    3   1   1.0000   0.0000
-2    4   1   1.0000   0.0000
-2    5   1   1.0000   0.0000
-2    6   1   1.0000   0.0000
-2    7   1   1.0000   0.0000
-2    8   1   1.0000   0.0000
-2    9   1   1.0000   0.0000
-2   10   1   1.0000   0.0000
-2   11   1   1.0000   0.0000
-2   12   1   1.0000   0.0000
-2   13   1   1.0000   0.0000
-2   14   1   1.0000   0.0000
-2   15   1   1.0000   0.0000
-2   16   1   1.0000   0.0000
-2   17   1   1.0000   0.0000
-2   18   1   1.0000   0.0000
-2   19   1   1.0000   0.0000
-2   20   1   1.0000   0.0000
-2   21   1   1.0000   0.0000
-2   22   1   1.0000   0.0000
-2   23   1   1.0000   0.0000
-2   24   1   1.0000   0.0000
-2   25   1   1.0000   0.0000
-2   26   1   1.0000   0.0000
-2   27   1   1.0000   0.0000
-2   28   1   1.0000   0.0000
-2   29   1   1.0000   0.0000
-2   30   1   1.0000   0.0000
-2   31   1   1.0000   0.0000
-2   32   1   1.0000   0.0000
-2   33   1   1.0000   0.0000
-2   34   1   1.0000   0.0000
-2   35   1   1.0000   0.0000
-2   36   1   1.0000   0.0000
-2   37   1   1.0000   0.0000
-2   38   1   1.0000   0.0000
-2   39   1   1.0000   0.0000
-2   40   1   1.0000   0.0000
-2   41   1   1.0000   0.0000
-2   42   1   1.0000   0.0000
-2   43   1   1.0000   0.0000
-2   44   1   1.0000   0.0000
-2   45   1   1.0000   0.0000
-2   46   1   1.0000   0.0000
-2   47   1   1.0000   0.0000
-2   48   1   1.0000   0.0000
-2   49   1   1.0000   0.0000
-2   50   1   1.0000   0.0000
-2   51   1   1.0000   0.0000
-2   52   1   1.0000   0.0000
-2   53   1   1.0000   0.0000
-2   54   1   1.0000   0.0000
-2   55   1   1.0000   0.0000
-2   56   1   1.0000   0.0000
-2   57   1   1.0000   0.0000
-2   58   1   1.0000   0.0000
-2   59   1   1.0000   0.0000
-2   60   1   1.0000   0.0000
-2   61   1   1.0000   0.0000
-2   62   1   1.0000   0.0000
-2   63   1   1.0000   0.0000
-2   64   1   1.0000   0.0000
-2   65   1   1.0000   0.0000
-2   66   1   1.0000   0.0000
-2   67   1   1.0000   0.0000
-2   68   1   1.0000   0.0000
-2   69   1   1.0000   0.0000
-2   70   1   1.0000   0.0000
-2   71   1   1.0000   0.0000
-2   72   1   1.0000   0.0000
-3    1   1   1.0000   0.0000
-3    2   1   1.0000   0.0000
-3    3   1   1.0000   0.0000
-3    4   1   1.0000   0.0000
-3    5   1   1.0000   0.0000
-3    6   1   1.0000   0.0000
-3    7   1   1.0000   0.0000
-3    8   1   1.0000   0.0000
-3    9   1   1.0000   0.0000
-3   10   1   1.0000   0.0000
-3   11   1   1.0000   0.0000
-3   12   1   1.0000   0.0000
-3   13   1   1.0000   0.0000
-3   14   1   1.0000   0.0000
-3   15   1   1.0000   0.0000
-3   16   1   1.0000   0.0000
-3   17   1   1.0000   0.0000
-3   18   1   1.0000   0.0000
-3   19   1   1.0000   0.0000
-3   20   1   1.0000   0.0000
-3   21   1   1.0000   0.0000
-3   22   1   1.0000   0.0000
-3   23   1   1.0000   0.0000
-3   24   1   1.0000   0.0000
-3   25   1   1.0000   0.0000
-3   26   1   1.0000   0.0000
-3   27   1   1.0000   0.0000
-3   28   1   1.0000   0.0000
-3   29   1   1.0000   0.0000
-3   30   1   1.0000   0.0000
-3   31   1   1.0000   0.0000
-3   32   1   1.0000   0.0000
-3   33   1   1.0000   0.0000
-3   34   1   1.0000   0.0000
-3   35   1   1.0000   0.0000
-3   36   1   1.0000   0.0000
-3   37   1   1.0000   0.0000
-3   38   1   1.0000   0.0000
-3   39   1   1.0000   0.0000
-3   40   1   1.0000   0.0000
-3   41   1   1.0000   0.0000
-3   42   1   1.0000   0.0000
-3   43   1   1.0000   0.0000
-3   44   1   1.0000   0.0000
-3   45   1   1.0000   0.0000
-3   46   1   1.0000   0.0000
-3   47   1   1.0000   0.0000
-3   48   1   1.0000   0.0000
-3   49   1   1.0000   0.0000
-3   50   1   1.0000   0.0000
-3   51   1   1.0000   0.0000
-3   52   1   1.0000   0.0000
-3   53   1   1.0000   0.0000
-3   54   1   1.0000   0.0000
-3   55   1   1.0000   0.0000
-3   56   1   1.0000   0.0000
-3   57   1   1.0000   0.0000
-3   58   1   1.0000   0.0000
-3   59   1   1.0000   0.0000
-3   60   1   1.0000   0.0000
-3   61   1   1.0000   0.0000
-3   62   1   1.0000   0.0000
-3   63   1   1.0000   0.0000
-3   64   1   1.0000   0.0000
-3   65   1   1.0000   0.0000
-3   66   1   1.0000   0.0000
-3   67   1   1.0000   0.0000
-3   68   1   1.0000   0.0000
-3   69   1   1.0000   0.0000
-3   70   1   1.0000   0.0000
-3   71   1   1.0000   0.0000
-3   72   1   1.0000   0.0000
-4    1   1   1.0000   0.0000
-4    2   1   1.0000   0.0000
-4    3   1   1.0000   0.0000
-4    4   1   1.0000   0.0000
-4    5   1   1.0000   0.0000
-4    6   1   1.0000   0.0000
-4    7   1   1.0000   0.0000
-4    8   1   1.0000   0.0000
-4    9   1   1.0000   0.0000
-4   10   1   1.0000   0.0000
-4   11   1   1.0000   0.0000
-4   12   1   1.0000   0.0000
-4   13   1   1.0000   0.0000
-4   14   1   1.0000   0.0000
-4   15   1   1.0000   0.0000
-4   16   1   1.0000   0.0000
-4   17   1   1.0000   0.0000
-4   18   1   1.0000   0.0000
-4   19   1   1.0000   0.0000
-4   20   1   1.0000   0.0000
-4   21   1   1.0000   0.0000
-4   22   1   1.0000   0.0000
-4   23   1   1.0000   0.0000
-4   24   1   1.0000   0.0000
-4   25   1   1.0000   0.0000
-4   26   1   1.0000   0.0000
-4   27   1   1.0000   0.0000
-4   28   1   1.0000   0.0000
-4   29   1   1.0000   0.0000
-4   30   1   1.0000   0.0000
-4   31   1   1.0000   0.0000
-4   32   1   1.0000   0.0000
-4   33   1   1.0000   0.0000
-4   34   1   1.0000   0.0000
-4   35   1   1.0000   0.0000
-4   36   1   1.0000   0.0000
-4   37   1   1.0000   0.0000
-4   38   1   1.0000   0.0000
-4   39   1   1.0000   0.0000
-4   40   1   1.0000   0.0000
-4   41   1   1.0000   0.0000
-4   42   1   1.0000   0.0000
-4   43   1   1.0000   0.0000
-4   44   1   1.0000   0.0000
-4   45   1   1.0000   0.0000
-4   46   1   1.0000   0.0000
-4   47   1   1.0000   0.0000
-4   48   1   1.0000   0.0000
-4   49   1   1.0000   0.0000
-4   50   1   1.0000   0.0000
-4   51   1   1.0000   0.0000
-4   52   1   1.0000   0.0000
-4   53   1   1.0000   0.0000
-4   54   1   1.0000   0.0000
-4   55   1   1.0000   0.0000
-4   56   1   1.0000   0.0000
-4   57   1   1.0000   0.0000
-4   58   1   1.0000   0.0000
-4   59   1   1.0000   0.0000
-4   60   1   1.0000   0.0000
-4   61   1   1.0000   0.0000
-4   62   1   1.0000   0.0000
-4   63   1   1.0000   0.0000
-4   64   1   1.0000   0.0000
-4   65   1   1.0000   0.0000
-4   66   1   1.0000   0.0000
-4   67   1   1.0000   0.0000
-4   68   1   1.0000   0.0000
-4   69   1   1.0000   0.0000
-4   70   1   1.0000   0.0000
-4   71   1   1.0000   0.0000
-4   72   1   1.0000   0.0000
-5    1   1   1.0000   0.0000
-5    2   1   1.0000   0.0000
-5    3   1   1.0000   0.0000
-5    4   1   1.0000   0.0000
-5    5   1   1.0000   0.0000
-5    6   1   1.0000   0.0000
-5    7   1   1.0000   0.0000
-5    8   1   1.0000   0.0000
-5    9   1   1.0000   0.0000
-5   10   1   1.0000   0.0000
-5   11   1   1.0000   0.0000
-5   12   1   1.0000   0.0000
-5   13   1   1.0000   0.0000
-5   14   1   1.0000   0.0000
-5   15   1   1.0000   0.0000
-5   16   1   1.0000   0.0000
-5   17   1   1.0000   0.0000
-5   18   1   1.0000   0.0000
-5   19   1   1.0000   0.0000
-5   20   1   1.0000   0.0000
-5   21   1   1.0000   0.0000
-5   22   1   1.0000   0.0000
-5   23   1   1.0000   0.0000
-5   24   1   1.0000   0.0000
-5   25   1   1.0000   0.0000
-5   26   1   1.0000   0.0000
-5   27   1   1.0000   0.0000
-5   28   1   1.0000   0.0000
-5   29   1   1.0000   0.0000
-5   30   1   1.0000   0.0000
-5   31   1   1.0000   0.0000
-5   32   1   1.0000   0.0000
-5   33   1   1.0000   0.0000
-5   34   1   1.0000   0.0000
-5   35   1   1.0000   0.0000
-5   36   1   1.0000   0.0000
-5   37   1   1.0000   0.0000
-5   38   1   1.0000   0.0000
-5   39   1   1.0000   0.0000
-5   40   1   1.0000   0.0000
-5   41   1   1.0000   0.0000
-5   42   1   1.0000   0.0000
-5   43   1   1.0000   0.0000
-5   44   1   1.0000   0.0000
-5   45   1   1.0000   0.0000
-5   46   1   1.0000   0.0000
-5   47   1   1.0000   0.0000
-5   48   1   1.0000   0.0000
-5   49   1   1.0000   0.0000
-5   50   1   1.0000   0.0000
-5   51   1   1.0000   0.0000
-5   52   1   1.0000   0.0000
-5   53   1   1.0000   0.0000
-5   54   1   1.0000   0.0000
-5   55   1   1.0000   0.0000
-5   56   1   1.0000   0.0000
-5   57   1   1.0000   0.0000
-5   58   1   1.0000   0.0000
-5   59   1   1.0000   0.0000
-5   60   1   1.0000   0.0000
-5   61   1   1.0000   0.0000
-5   62   1   1.0000   0.0000
-5   63   1   1.0000   0.0000
-5   64   1   1.0000   0.0000
-5   65   1   1.0000   0.0000
-5   66   1   1.0000   0.0000
-5   67   1   1.0000   0.0000
-5   68   1   1.0000   0.0000
-5   69   1   1.0000   0.0000
-5   70   1   1.0000   0.0000
-5   71   1   1.0000   0.0000
-5   72   1   1.0000   0.0000
-6    1   1   1.0000   0.0000
-6    2   1   1.0000   0.0000
-6    3   1   1.0000   0.0000
-6    4   1   1.0000   0.0000
-6    5   1   1.0000   0.0000
-6    6   1   1.0000   0.0000
-6    7   1   1.0000   0.0000
-6    8   1   1.0000   0.0000
-6    9   1   1.0000   0.0000
-6   10   1   1.0000   0.0000
-6   11   1   1.0000   0.0000
-6   12   1   1.0000   0.0000
-6   13   1   1.0000   0.0000
-6   14   1   1.0000   0.0000
-6   15   1   1.0000   0.0000
-6   16   1   1.0000   0.0000
-6   17   1   1.0000   0.0000
-6   18   1   1.0000   0.0000
-6   19   1   1.0000   0.0000
-6   20   1   1.0000   0.0000
-6   21   1   1.0000   0.0000
-6   22   1   1.0000   0.0000
-6   23   1   1.0000   0.0000
-6   24   1   1.0000   0.0000
-6   25   1   1.0000   0.0000
-6   26   1   1.0000   0.0000
-6   27   1   1.0000   0.0000
-6   28   1   1.0000   0.0000
-6   29   1   1.0000   0.0000
-6   30   1   1.0000   0.0000
-6   31   1   1.0000   0.0000
-6   32   1   1.0000   0.0000
-6   33   1   1.0000   0.0000
-6   34   1   1.0000   0.0000
-6   35   1   1.0000   0.0000
-6   36   1   1.0000   0.0000
-6   37   1   1.0000   0.0000
-6   38   1   1.0000   0.0000
-6   39   1   1.0000   0.0000
-6   40   1   1.0000   0.0000
-6   41   1   1.0000   0.0000
-6   42   1   1.0000   0.0000
-6   43   1   1.0000   0.0000
-6   44   1   1.0000   0.0000
-6   45   1   1.0000   0.0000
-6   46   1   1.0000   0.0000
-6   47   1   1.0000   0.0000
-6   48   1   1.0000   0.0000
-6   49   1   1.0000   0.0000
-6   50   1   1.0000   0.0000
-6   51   1   1.0000   0.0000
-6   52   1   1.0000   0.0000
-6   53   1   1.0000   0.0000
-6   54   1   1.0000   0.0000
-6   55   1   1.0000   0.0000
-6   56   1   1.0000   0.0000
-6   57   1   1.0000   0.0000
-6   58   1   1.0000   0.0000
-6   59   1   1.0000   0.0000
-6   60   1   1.0000   0.0000
-6   61   1   1.0000   0.0000
-6   62   1   1.0000   0.0000
-6   63   1   1.0000   0.0000
-6   64   1   1.0000   0.0000
-6   65   1   1.0000   0.0000
-6   66   1   1.0000   0.0000
-6   67   1   1.0000   0.0000
-6   68   1   1.0000   0.0000
-6   69   1   1.0000   0.0000
-6   70   1   1.0000   0.0000
-6   71   1   1.0000   0.0000
-6   72   1   1.0000   0.0000
-7    1   1   1.0000   0.0000
-7    2   1   1.0000   0.0000
-7    3   1   1.0000   0.0000
-7    4   1   1.0000   0.0000
-7    5   1   1.0000   0.0000
-7    6   1   1.0000   0.0000
-7    7   1   1.0000   0.0000
-7    8   1   1.0000   0.0000
-7    9   1   1.0000   0.0000
-7   10   1   1.0000   0.0000
-7   11   1   1.0000   0.0000
-7   12   1   1.0000   0.0000
-7   13   1   1.0000   0.0000
-7   14   1   1.0000   0.0000
-7   15   1   1.0000   0.0000
-7   16   1   1.0000   0.0000
-7   17   1   1.0000   0.0000
-7   18   1   1.0000   0.0000
-7   19   1   1.0000   0.0000
-7   20   1   1.0000   0.0000
-7   21   1   1.0000   0.0000
-7   22   1   1.0000   0.0000
-7   23   1   1.0000   0.0000
-7   24   1   1.0000   0.0000
-7   25   1   1.0000   0.0000
-7   26   1   1.0000   0.0000
-7   27   1   1.0000   0.0000
-7   28   1   1.0000   0.0000
-7   29   1   1.0000   0.0000
-7   30   1   1.0000   0.0000
-7   31   1   1.0000   0.0000
-7   32   1   1.0000   0.0000
-7   33   1   1.0000   0.0000
-7   34   1   1.0000   0.0000
-7   35   1   1.0000   0.0000
-7   36   1   1.0000   0.0000
-7   37   1   1.0000   0.0000
-7   38   1   1.0000   0.0000
-7   39   1   1.0000   0.0000
-7   40   1   1.0000   0.0000
-7   41   1   1.0000   0.0000
-7   42   1   1.0000   0.0000
-7   43   1   1.0000   0.0000
-7   44   1   1.0000   0.0000
-7   45   1   1.0000   0.0000
-7   46   1   1.0000   0.0000
-7   47   1   1.0000   0.0000
-7   48   1   1.0000   0.0000
-7   49   1   1.0000   0.0000
-7   50   1   1.0000   0.0000
-7   51   1   1.0000   0.0000
-7   52   1   1.0000   0.0000
-7   53   1   1.0000   0.0000
-7   54   1   1.0000   0.0000
-7   55   1   1.0000   0.0000
-7   56   1   1.0000   0.0000
-7   57   1   1.0000   0.0000
-7   58   1   1.0000   0.0000
-7   59   1   1.0000   0.0000
-7   60   1   1.0000   0.0000
-7   61   1   1.0000   0.0000
-7   62   1   1.0000   0.0000
-7   63   1   1.0000   0.0000
-7   64   1   1.0000   0.0000
-7   65   1   1.0000   0.0000
-7   66   1   1.0000   0.0000
-7   67   1   1.0000   0.0000
-7   68   1   1.0000   0.0000
-7   69   1   1.0000   0.0000
-7   70   1   1.0000   0.0000
-7   71   1   1.0000   0.0000
-7   72   1   1.0000   0.0000
-8    1   1   1.0000   0.0000
-8    2   1   1.0000   0.0000
-8    3   1   1.0000   0.0000
-8    4   1   1.0000   0.0000
-8    5   1   1.0000   0.0000
-8    6   1   1.0000   0.0000
-8    7   1   1.0000   0.0000
-8    8   1   1.0000   0.0000
-8    9   1   1.0000   0.0000
-8   10   1   1.0000   0.0000
-8   11   1   1.0000   0.0000
-8   12   1   1.0000   0.0000
-8   13   1   1.0000   0.0000
-8   14   1   1.0000   0.0000
-8   15   1   1.0000   0.0000
-8   16   1   1.0000   0.0000
-8   17   1   1.0000   0.0000
-8   18   1   1.0000   0.0000
-8   19   1   1.0000   0.0000
-8   20   1   1.0000   0.0000
-8   21   1   1.0000   0.0000
-8   22   1   1.0000   0.0000
-8   23   1   1.0000   0.0000
-8   24   1   1.0000   0.0000
-8   25   1   1.0000   0.0000
-8   26   1   1.0000   0.0000
-8   27   1   1.0000   0.0000
-8   28   1   1.0000   0.0000
-8   29   1   1.0000   0.0000
-8   30   1   1.0000   0.0000
-8   31   1   1.0000   0.0000
-8   32   1   1.0000   0.0000
-8   33   1   1.0000   0.0000
-8   34   1   1.0000   0.0000
-8   35   1   1.0000   0.0000
-8   36   1   1.0000   0.0000
-8   37   1   1.0000   0.0000
-8   38   1   1.0000   0.0000
-8   39   1   1.0000   0.0000
-8   40   1   1.0000   0.0000
-8   41   1   1.0000   0.0000
-8   42   1   1.0000   0.0000
-8   43   1   1.0000   0.0000
-8   44   1   1.0000   0.0000
-8   45   1   1.0000   0.0000
-8   46   1   1.0000   0.0000
-8   47   1   1.0000   0.0000
-8   48   1   1.0000   0.0000
-8   49   1   1.0000   0.0000
-8   50   1   1.0000   0.0000
-8   51   1   1.0000   0.0000
-8   52   1   1.0000   0.0000
-8   53   1   1.0000   0.0000
-8   54   1   1.0000   0.0000
-8   55   1   1.0000   0.0000
-8   56   1   1.0000   0.0000
-8   57   1   1.0000   0.0000
-8   58   1   1.0000   0.0000
-8   59   1   1.0000   0.0000
-8   60   1   1.0000   0.0000
-8   61   1   1.0000   0.0000
-8   62   1   1.0000   0.0000
-8   63   1   1.0000   0.0000
-8   64   1   1.0000   0.0000
-8   65   1   1.0000   0.0000
-8   66   1   1.0000   0.0000
-8   67   1   1.0000   0.0000
-8   68   1   1.0000   0.0000
-8   69   1   1.0000   0.0000
-8   70   1   1.0000   0.0000
-8   71   1   1.0000   0.0000
-8   72   1   1.0000   0.0000
-9    1   1   1.0000   0.0000
-9    2   1   1.0000   0.0000
-9    3   1   1.0000   0.0000
-9    4   1   1.0000   0.0000
-9    5   1   1.0000   0.0000
-9    6   1   1.0000   0.0000
-9    7   1   1.0000   0.0000
-9    8   1   1.0000   0.0000
-9    9   1   1.0000   0.0000
-9   10   1   1.0000   0.0000
-9   11   1   1.0000   0.0000
-9   12   1   1.0000   0.0000
-9   13   1   1.0000   0.0000
-9   14   1   1.0000   0.0000
-9   15   1   1.0000   0.0000
-9   16   1   1.0000   0.0000
-9   17   1   1.0000   0.0000
-9   18   1   1.0000   0.0000
-9   19   1   1.0000   0.0000
-9   20   1   1.0000   0.0000
-9   21   1   1.0000   0.0000
-9   22   1   1.0000   0.0000
-9   23   1   1.0000   0.0000
-9   24   1   1.0000   0.0000
-9   25   1   1.0000   0.0000
-9   26   1   1.0000   0.0000
-9   27   1   1.0000   0.0000
-9   28   1   1.0000   0.0000
-9   29   1   1.0000   0.0000
-9   30   1   1.0000   0.0000
-9   31   1   1.0000   0.0000
-9   32   1   1.0000   0.0000
-9   33   1   1.0000   0.0000
-9   34   1   1.0000   0.0000
-9   35   1   1.0000   0.0000
-9   36   1   1.0000   0.0000
-9   37   1   1.0000   0.0000
-9   38   1   1.0000   0.0000
-9   39   1   1.0000   0.0000
-9   40   1   1.0000   0.0000
-9   41   1   1.0000   0.0000
-9   42   1   1.0000   0.0000
-9   43   1   1.0000   0.0000
-9   44   1   1.0000   0.0000
-9   45   1   1.0000   0.0000
-9   46   1   1.0000   0.0000
-9   47   1   1.0000   0.0000
-9   48   1   1.0000   0.0000
-9   49   1   1.0000   0.0000
-9   50   1   1.0000   0.0000
-9   51   1   1.0000   0.0000
-9   52   1   1.0000   0.0000
-9   53   1   1.0000   0.0000
-9   54   1   1.0000   0.0000
-9   55   1   1.0000   0.0000
-9   56   1   1.0000   0.0000
-9   57   1   1.0000   0.0000
-9   58   1   1.0000   0.0000
-9   59   1   1.0000   0.0000
-9   60   1   1.0000   0.0000
-9   61   1   1.0000   0.0000
-9   62   1   1.0000   0.0000
-9   63   1   1.0000   0.0000
-9   64   1   1.0000   0.0000
-9   65   1   1.0000   0.0000
-9   66   1   1.0000   0.0000
-9   67   1   1.0000   0.0000
-9   68   1   1.0000   0.0000
-9   69   1   1.0000   0.0000
-9   70   1   1.0000   0.0000
-9   71   1   1.0000   0.0000
-9   72   1   1.0000   0.0000
-10    1   1   1.0000   0.0000
-10    2   1   1.0000   0.0000
-10    3   1   1.0000   0.0000
-10    4   1   1.0000   0.0000
-10    5   1   1.0000   0.0000
-10    6   1   1.0000   0.0000
-10    7   1   1.0000   0.0000
-10    8   1   1.0000   0.0000
-10    9   1   1.0000   0.0000
-10   10   1   1.0000   0.0000
-10   11   1   1.0000   0.0000
-10   12   1   1.0000   0.0000
-10   13   1   1.0000   0.0000
-10   14   1   1.0000   0.0000
-10   15   1   1.0000   0.0000
-10   16   1   1.0000   0.0000
-10   17   1   1.0000   0.0000
-10   18   1   1.0000   0.0000
-10   19   1   1.0000   0.0000
-10   20   1   1.0000   0.0000
-10   21   1   1.0000   0.0000
-10   22   1   1.0000   0.0000
-10   23   1   1.0000   0.0000
-10   24   1   1.0000   0.0000
-10   25   1   1.0000   0.0000
-10   26   1   1.0000   0.0000
-10   27   1   1.0000   0.0000
-10   28   1   1.0000   0.0000
-10   29   1   1.0000   0.0000
-10   30   1   1.0000   0.0000
-10   31   1   1.0000   0.0000
-10   32   1   1.0000   0.0000
-10   33   1   1.0000   0.0000
-10   34   1   1.0000   0.0000
-10   35   1   1.0000   0.0000
-10   36   1   1.0000   0.0000
-10   37   1   1.0000   0.0000
-10   38   1   1.0000   0.0000
-10   39   1   1.0000   0.0000
-10   40   1   1.0000   0.0000
-10   41   1   1.0000   0.0000
-10   42   1   1.0000   0.0000
-10   43   1   1.0000   0.0000
-10   44   1   1.0000   0.0000
-10   45   1   1.0000   0.0000
-10   46   1   1.0000   0.0000
-10   47   1   1.0000   0.0000
-10   48   1   1.0000   0.0000
-10   49   1   1.0000   0.0000
-10   50   1   1.0000   0.0000
-10   51   1   1.0000   0.0000
-10   52   1   1.0000   0.0000
-10   53   1   1.0000   0.0000
-10   54   1   1.0000   0.0000
-10   55   1   1.0000   0.0000
-10   56   1   1.0000   0.0000
-10   57   1   1.0000   0.0000
-10   58   1   1.0000   0.0000
-10   59   1   1.0000   0.0000
-10   60   1   1.0000   0.0000
-10   61   1   1.0000   0.0000
-10   62   1   1.0000   0.0000
-10   63   1   1.0000   0.0000
-10   64   1   1.0000   0.0000
-10   65   1   1.0000   0.0000
-10   66   1   1.0000   0.0000
-10   67   1   1.0000   0.0000
-10   68   1   1.0000   0.0000
-10   69   1   1.0000   0.0000
-10   70   1   1.0000   0.0000
-10   71   1   1.0000   0.0000
-10   72   1   1.0000   0.0000
-11    1   1   1.0000   0.0000
-11    2   1   1.0000   0.0000
-11    3   1   1.0000   0.0000
-11    4   1   1.0000   0.0000
-11    5   1   1.0000   0.0000
-11    6   1   1.0000   0.0000
-11    7   1   1.0000   0.0000
-11    8   1   1.0000   0.0000
-11    9   1   1.0000   0.0000
-11   10   1   1.0000   0.0000
-11   11   1   1.0000   0.0000
-11   12   1   1.0000   0.0000
-11   13   1   1.0000   0.0000
-11   14   1   1.0000   0.0000
-11   15   1   1.0000   0.0000
-11   16   1   1.0000   0.0000
-11   17   1   1.0000   0.0000
-11   18   1   1.0000   0.0000
-11   19   1   1.0000   0.0000
-11   20   1   1.0000   0.0000
-11   21   1   1.0000   0.0000
-11   22   1   1.0000   0.0000
-11   23   1   1.0000   0.0000
-11   24   1   1.0000   0.0000
-11   25   1   1.0000   0.0000
-11   26   1   1.0000   0.0000
-11   27   1   1.0000   0.0000
-11   28   1   1.0000   0.0000
-11   29   1   1.0000   0.0000
-11   30   1   1.0000   0.0000
-11   31   1   1.0000   0.0000
-11   32   1   1.0000   0.0000
-11   33   1   1.0000   0.0000
-11   34   1   1.0000   0.0000
-11   35   1   1.0000   0.0000
-11   36   1   1.0000   0.0000
-11   37   1   1.0000   0.0000
-11   38   1   1.0000   0.0000
-11   39   1   1.0000   0.0000
-11   40   1   1.0000   0.0000
-11   41   1   1.0000   0.0000
-11   42   1   1.0000   0.0000
-11   43   1   1.0000   0.0000
-11   44   1   1.0000   0.0000
-11   45   1   1.0000   0.0000
-11   46   1   1.0000   0.0000
-11   47   1   1.0000   0.0000
-11   48   1   1.0000   0.0000
-11   49   1   1.0000   0.0000
-11   50   1   1.0000   0.0000
-11   51   1   1.0000   0.0000
-11   52   1   1.0000   0.0000
-11   53   1   1.0000   0.0000
-11   54   1   1.0000   0.0000
-11   55   1   1.0000   0.0000
-11   56   1   1.0000   0.0000
-11   57   1   1.0000   0.0000
-11   58   1   1.0000   0.0000
-11   59   1   1.0000   0.0000
-11   60   1   1.0000   0.0000
-11   61   1   1.0000   0.0000
-11   62   1   1.0000   0.0000
-11   63   1   1.0000   0.0000
-11   64   1   1.0000   0.0000
-11   65   1   1.0000   0.0000
-11   66   1   1.0000   0.0000
-11   67   1   1.0000   0.0000
-11   68   1   1.0000   0.0000
-11   69   1   1.0000   0.0000
-11   70   1   1.0000   0.0000
-11   71   1   1.0000   0.0000
-11   72   1   1.0000   0.0000
-12    1   1   1.0000   0.0000
-12    2   1   1.0000   0.0000
-12    3   1   1.0000   0.0000
-12    4   1   1.0000   0.0000
-12    5   1   1.0000   0.0000
-12    6   1   1.0000   0.0000
-12    7   1   1.0000   0.0000
-12    8   1   1.0000   0.0000
-12    9   1   1.0000   0.0000
-12   10   1   1.0000   0.0000
-12   11   1   1.0000   0.0000
-12   12   1   1.0000   0.0000
-12   13   1   1.0000   0.0000
-12   14   1   1.0000   0.0000
-12   15   1   1.0000   0.0000
-12   16   1   1.0000   0.0000
-12   17   1   1.0000   0.0000
-12   18   1   1.0000   0.0000
-12   19   1   1.0000   0.0000
-12   20   1   1.0000   0.0000
-12   21   1   1.0000   0.0000
-12   22   1   1.0000   0.0000
-12   23   1   1.0000   0.0000
-12   24   1   1.0000   0.0000
-12   25   1   1.0000   0.0000
-12   26   1   1.0000   0.0000
-12   27   1   1.0000   0.0000
-12   28   1   1.0000   0.0000
-12   29   1   1.0000   0.0000
-12   30   1   1.0000   0.0000
-12   31   1   1.0000   0.0000
-12   32   1   1.0000   0.0000
-12   33   1   1.0000   0.0000
-12   34   1   1.0000   0.0000
-12   35   1   1.0000   0.0000
-12   36   1   1.0000   0.0000
-12   37   1   1.0000   0.0000
-12   38   1   1.0000   0.0000
-12   39   1   1.0000   0.0000
-12   40   1   1.0000   0.0000
-12   41   1   1.0000   0.0000
-12   42   1   1.0000   0.0000
-12   43   1   1.0000   0.0000
-12   44   1   1.0000   0.0000
-12   45   1   1.0000   0.0000
-12   46   1   1.0000   0.0000
-12   47   1   1.0000   0.0000
-12   48   1   1.0000   0.0000
-12   49   1   1.0000   0.0000
-12   50   1   1.0000   0.0000
-12   51   1   1.0000   0.0000
-12   52   1   1.0000   0.0000
-12   53   1   1.0000   0.0000
-12   54   1   1.0000   0.0000
-12   55   1   1.0000   0.0000
-12   56   1   1.0000   0.0000
-12   57   1   1.0000   0.0000
-12   58   1   1.0000   0.0000
-12   59   1   1.0000   0.0000
-12   60   1   1.0000   0.0000
-12   61   1   1.0000   0.0000
-12   62   1   1.0000   0.0000
-12   63   1   1.0000   0.0000
-12   64   1   1.0000   0.0000
-12   65   1   1.0000   0.0000
-12   66   1   1.0000   0.0000
-12   67   1   1.0000   0.0000
-12   68   1   1.0000   0.0000
-12   69   1   1.0000   0.0000
-12   70   1   1.0000   0.0000
-12   71   1   1.0000   0.0000
-12   72   1   1.0000   0.0000
-13    1   1   1.0000   0.0000
-13    2   1   1.0000   0.0000
-13    3   1   1.0000   0.0000
-13    4   1   1.0000   0.0000
-13    5   1   1.0000   0.0000
-13    6   1   1.0000   0.0000
-13    7   1   1.0000   0.0000
-13    8   1   1.0000   0.0000
-13    9   1   1.0000   0.0000
-13   10   1   1.0000   0.0000
-13   11   1   1.0000   0.0000
-13   12   1   1.0000   0.0000
-13   13   1   1.0000   0.0000
-13   14   1   1.0000   0.0000
-13   15   1   1.0000   0.0000
-13   16   1   1.0000   0.0000
-13   17   1   1.0000   0.0000
-13   18   1   1.0000   0.0000
-13   19   1   1.0000   0.0000
-13   20   1   1.0000   0.0000
-13   21   1   1.0000   0.0000
-13   22   1   1.0000   0.0000
-13   23   1   1.0000   0.0000
-13   24   1   1.0000   0.0000
-13   25   1   1.0000   0.0000
-13   26   1   1.0000   0.0000
-13   27   1   1.0000   0.0000
-13   28   1   1.0000   0.0000
-13   29   1   1.0000   0.0000
-13   30   1   1.0000   0.0000
-13   31   1   1.0000   0.0000
-13   32   1   1.0000   0.0000
-13   33   1   1.0000   0.0000
-13   34   1   1.0000   0.0000
-13   35   1   1.0000   0.0000
-13   36   1   1.0000   0.0000
-13   37   1   1.0000   0.0000
-13   38   1   1.0000   0.0000
-13   39   1   1.0000   0.0000
-13   40   1   1.0000   0.0000
-13   41   1   1.0000   0.0000
-13   42   1   1.0000   0.0000
-13   43   1   1.0000   0.0000
-13   44   1   1.0000   0.0000
-13   45   1   1.0000   0.0000
-13   46   1   1.0000   0.0000
-13   47   1   1.0000   0.0000
-13   48   1   1.0000   0.0000
-13   49   1   1.0000   0.0000
-13   50   1   1.0000   0.0000
-13   51   1   1.0000   0.0000
-13   52   1   1.0000   0.0000
-13   53   1   1.0000   0.0000
-13   54   1   1.0000   0.0000
-13   55   1   1.0000   0.0000
-13   56   1   1.0000   0.0000
-13   57   1   1.0000   0.0000
-13   58   1   1.0000   0.0000
-13   59   1   1.0000   0.0000
-13   60   1   1.0000   0.0000
-13   61   1   1.0000   0.0000
-13   62   1   1.0000   0.0000
-13   63   1   1.0000   0.0000
-13   64   1   1.0000   0.0000
-13   65   1   1.0000   0.0000
-13   66   1   1.0000   0.0000
-13   67   1   1.0000   0.0000
-13   68   1   1.0000   0.0000
-13   69   1   1.0000   0.0000
-13   70   1   1.0000   0.0000
-13   71   1   1.0000   0.0000
-13   72   1   1.0000   0.0000
-14    1   1   1.0000   0.0000
-14    2   1   1.0000   0.0000
-14    3   1   1.0000   0.0000
-14    4   1   1.0000   0.0000
-14    5   1   1.0000   0.0000
-14    6   1   1.0000   0.0000
-14    7   1   1.0000   0.0000
-14    8   1   1.0000   0.0000
-14    9   1   1.0000   0.0000
-14   10   1   1.0000   0.0000
-14   11   1   1.0000   0.0000
-14   12   1   1.0000   0.0000
-14   13   1   1.0000   0.0000
-14   14   1   1.0000   0.0000
-14   15   1   1.0000   0.0000
-14   16   1   1.0000   0.0000
-14   17   1   1.0000   0.0000
-14   18   1   1.0000   0.0000
-14   19   1   1.0000   0.0000
-14   20   1   1.0000   0.0000
-14   21   1   1.0000   0.0000
-14   22   1   1.0000   0.0000
-14   23   1   1.0000   0.0000
-14   24   1   1.0000   0.0000
-14   25   1   1.0000   0.0000
-14   26   1   1.0000   0.0000
-14   27   1   1.0000   0.0000
-14   28   1   1.0000   0.0000
-14   29   1   1.0000   0.0000
-14   30   1   1.0000   0.0000
-14   31   1   1.0000   0.0000
-14   32   1   1.0000   0.0000
-14   33   1   1.0000   0.0000
-14   34   1   1.0000   0.0000
-14   35   1   1.0000   0.0000
-14   36   1   1.0000   0.0000
-14   37   1   1.0000   0.0000
-14   38   1   1.0000   0.0000
-14   39   1   1.0000   0.0000
-14   40   1   1.0000   0.0000
-14   41   1   1.0000   0.0000
-14   42   1   1.0000   0.0000
-14   43   1   1.0000   0.0000
-14   44   1   1.0000   0.0000
-14   45   1   1.0000   0.0000
-14   46   1   1.0000   0.0000
-14   47   1   1.0000   0.0000
-14   48   1   1.0000   0.0000
-14   49   1   1.0000   0.0000
-14   50   1   1.0000   0.0000
-14   51   1   1.0000   0.0000
-14   52   1   1.0000   0.0000
-14   53   1   1.0000   0.0000
-14   54   1   1.0000   0.0000
-14   55   1   1.0000   0.0000
-14   56   1   1.0000   0.0000
-14   57   1   1.0000   0.0000
-14   58   1   1.0000   0.0000
-14   59   1   1.0000   0.0000
-14   60   1   1.0000   0.0000
-14   61   1   1.0000   0.0000
-14   62   1   1.0000   0.0000
-14   63   1   1.0000   0.0000
-14   64   1   1.0000   0.0000
-14   65   1   1.0000   0.0000
-14   66   1   1.0000   0.0000
-14   67   1   1.0000   0.0000
-14   68   1   1.0000   0.0000
-14   69   1   1.0000   0.0000
-14   70   1   1.0000   0.0000
-14   71   1   1.0000   0.0000
-14   72   1   1.0000   0.0000
-15    1   1   1.0000   0.0000
-15    2   1   1.0000   0.0000
-15    3   1   1.0000   0.0000
-15    4   1   1.0000   0.0000
-15    5   1   1.0000   0.0000
-15    6   1   1.0000   0.0000
-15    7   1   1.0000   0.0000
-15    8   1   1.0000   0.0000
-15    9   1   1.0000   0.0000
-15   10   1   1.0000   0.0000
-15   11   1   1.0000   0.0000
-15   12   1   1.0000   0.0000
-15   13   1   1.0000   0.0000
-15   14   1   1.0000   0.0000
-15   15   1   1.0000   0.0000
-15   16   1   1.0000   0.0000
-15   17   1   1.0000   0.0000
-15   18   1   1.0000   0.0000
-15   19   1   1.0000   0.0000
-15   20   1   1.0000   0.0000
-15   21   1   1.0000   0.0000
-15   22   1   1.0000   0.0000
-15   23   1   1.0000   0.0000
-15   24   1   1.0000   0.0000
-15   25   1   1.0000   0.0000
-15   26   1   1.0000   0.0000
-15   27   1   1.0000   0.0000
-15   28   1   1.0000   0.0000
-15   29   1   1.0000   0.0000
-15   30   1   1.0000   0.0000
-15   31   1   1.0000   0.0000
-15   32   1   1.0000   0.0000
-15   33   1   1.0000   0.0000
-15   34   1   1.0000   0.0000
-15   35   1   1.0000   0.0000
-15   36   1   1.0000   0.0000
-15   37   1   1.0000   0.0000
-15   38   1   1.0000   0.0000
-15   39   1   1.0000   0.0000
-15   40   1   1.0000   0.0000
-15   41   1   1.0000   0.0000
-15   42   1   1.0000   0.0000
-15   43   1   1.0000   0.0000
-15   44   1   1.0000   0.0000
-15   45   1   1.0000   0.0000
-15   46   1   1.0000   0.0000
-15   47   1   1.0000   0.0000
-15   48   1   1.0000   0.0000
-15   49   1   1.0000   0.0000
-15   50   1   1.0000   0.0000
-15   51   1   1.0000   0.0000
-15   52   1   1.0000   0.0000
-15   53   1   1.0000   0.0000
-15   54   1   1.0000   0.0000
-15   55   1   1.0000   0.0000
-15   56   1   1.0000   0.0000
-15   57   1   1.0000   0.0000
-15   58   1   1.0000   0.0000
-15   59   1   1.0000   0.0000
-15   60   1   1.0000   0.0000
-15   61   1   1.0000   0.0000
-15   62   1   1.0000   0.0000
-15   63   1   1.0000   0.0000
-15   64   1   1.0000   0.0000
-15   65   1   1.0000   0.0000
-15   66   1   1.0000   0.0000
-15   67   1   1.0000   0.0000
-15   68   1   1.0000   0.0000
-15   69   1   1.0000   0.0000
-15   70   1   1.0000   0.0000
-15   71   1   1.0000   0.0000
-15   72   1   1.0000   0.0000
-16    1   1   1.0000   0.0000
-16    2   1   1.0000   0.0000
-16    3   1   1.0000   0.0000
-16    4   1   1.0000   0.0000
-16    5   1   1.0000   0.0000
-16    6   1   1.0000   0.0000
-16    7   1   1.0000   0.0000
-16    8   1   1.0000   0.0000
-16    9   1   1.0000   0.0000
-16   10   1   1.0000   0.0000
-16   11   1   1.0000   0.0000
-16   12   1   1.0000   0.0000
-16   13   1   1.0000   0.0000
-16   14   1   1.0000   0.0000
-16   15   1   1.0000   0.0000
-16   16   1   1.0000   0.0000
-16   17   1   1.0000   0.0000
-16   18   1   1.0000   0.0000
-16   19   1   1.0000   0.0000
-16   20   1   1.0000   0.0000
-16   21   1   1.0000   0.0000
-16   22   1   1.0000   0.0000
-16   23   1   1.0000   0.0000
-16   24   1   1.0000   0.0000
-16   25   1   1.0000   0.0000
-16   26   1   1.0000   0.0000
-16   27   1   1.0000   0.0000
-16   28   1   1.0000   0.0000
-16   29   1   1.0000   0.0000
-16   30   1   1.0000   0.0000
-16   31   1   1.0000   0.0000
-16   32   1   1.0000   0.0000
-16   33   1   1.0000   0.0000
-16   34   1   1.0000   0.0000
-16   35   1   1.0000   0.0000
-16   36   1   1.0000   0.0000
-16   37   1   1.0000   0.0000
-16   38   1   1.0000   0.0000
-16   39   1   1.0000   0.0000
-16   40   1   1.0000   0.0000
-16   41   1   1.0000   0.0000
-16   42   1   1.0000   0.0000
-16   43   1   1.0000   0.0000
-16   44   1   1.0000   0.0000
-16   45   1   1.0000   0.0000
-16   46   1   1.0000   0.0000
-16   47   1   1.0000   0.0000
-16   48   1   1.0000   0.0000
-16   49   1   1.0000   0.0000
-16   50   1   1.0000   0.0000
-16   51   1   1.0000   0.0000
-16   52   1   1.0000   0.0000
-16   53   1   1.0000   0.0000
-16   54   1   1.0000   0.0000
-16   55   1   1.0000   0.0000
-16   56   1   1.0000   0.0000
-16   57   1   1.0000   0.0000
-16   58   1   1.0000   0.0000
-16   59   1   1.0000   0.0000
-16   60   1   1.0000   0.0000
-16   61   1   1.0000   0.0000
-16   62   1   1.0000   0.0000
-16   63   1   1.0000   0.0000
-16   64   1   1.0000   0.0000
-16   65   1   1.0000   0.0000
-16   66   1   1.0000   0.0000
-16   67   1   1.0000   0.0000
-16   68   1   1.0000   0.0000
-16   69   1   1.0000   0.0000
-16   70   1   1.0000   0.0000
-16   71   1   1.0000   0.0000
-16   72   1   1.0000   0.0000
