-29    1   1    1.0000    0.0000
-29    1   2    1.0000    0.0000
-29    3   1    1.0000    0.0000
-29    3   2    1.0000    0.0000
-29    5   1    1.0000    0.0000
-29    5   2    1.0000    0.0000
-29    7   1    1.0000    0.0000
-29    7   2    1.0000    0.0000
-29    9   1    1.0000    0.0000
-29    9   2    1.0000    0.0000
-29   11   1    1.0000    0.0000
-29   11   2    1.0000    0.0000
-29   13   1    1.0000    0.0000
-29   13   2    1.0000    0.0000
-29   15   1    1.0000    0.0000
-29   15   2    1.0000    0.0000
-29   17   1    1.0000    0.0000
-29   17   2    1.0000    0.0000
-29   19   1    1.0000    0.0000
-29   19   2    1.0000    0.0000
-29   21   1    1.0000    0.0000
-29   21   2    1.0000    0.0000
-29   23   1    1.0000    0.0000
-29   23   2    1.0000    0.0000
-29   25   1    1.0000    0.0000
-29   25   2    1.0000    0.0000
-29   27   1    1.0000    0.0000
-29   27   2    1.0000    0.0000
-29   29   1    1.0000    0.0000
-29   29   2    1.0000    0.0000
-29   31   1    1.0000    0.0000
-29   31   2    1.0000    0.0000
-29   33   1    1.0000    0.0000
-29   33   2    1.0000    0.0000
-29   35   1    1.0000    0.0000
-29   35   2    1.0000    0.0000
-29   37   1    1.0000    0.0000
-29   37   2    1.0000    0.0000
-29   39   1    1.0000    0.0000
-29   39   2    1.0000    0.0000
-29   41   1    1.0000    0.0000
-29   41   2    1.0000    0.0000
-29   43   1    1.0000    0.0000
-29   43   2    1.0000    0.0000
-29   45   1    1.0000    0.0000
-29   45   2    1.0000    0.0000
-29   47   1    1.0000    0.0000
-29   47   2    1.0000    0.0000
-29   49   1    1.0000    0.0000
-29   49   2    1.0000    0.0000
-29   51   1    1.0000    0.0000
-29   51   2    1.0000    0.0000
-29   53   1    1.0000    0.0000
-29   53   2    1.0000    0.0000
-29   55   1    1.0000    0.0000
-29   55   2    1.0000    0.0000
-29   57   1    1.0000    0.0000
-29   57   2    1.0000    0.0000
-29   59   1    1.0000    0.0000
-29   59   2    1.0000    0.0000
-29   61   1    1.0000    0.0000
-29   61   2    1.0000    0.0000
-29   63   1    1.0000    0.0000
-29   63   2    1.0000    0.0000
-29   65   1    1.0000    0.0000
-29   65   2    1.0000    0.0000
-29   67   1    1.0000    0.0000
-29   67   2    1.0000    0.0000
-29   69   1    1.0000    0.0000
-29   69   2    1.0000    0.0000
-29   71   1    1.0000    0.0000
-29   71   2    1.0000    0.0000
-30    1   1    1.0000    0.0000
-30    1   2    1.0000    0.0000
-30    3   1    1.0000    0.0000
-30    3   2    1.0000    0.0000
-30    5   1    1.0000    0.0000
-30    5   2    1.0000    0.0000
-30    7   1    1.0000    0.0000
-30    7   2    1.0000    0.0000
-30    9   1    1.0000    0.0000
-30    9   2    1.0000    0.0000
-30   11   1    1.0000    0.0000
-30   11   2    1.0000    0.0000
-30   13   1    1.0000    0.0000
-30   13   2    1.0000    0.0000
-30   15   1    1.0000    0.0000
-30   15   2    1.0000    0.0000
-30   17   1    1.0000    0.0000
-30   17   2    1.0000    0.0000
-30   19   1    1.0000    0.0000
-30   19   2    1.0000    0.0000
-30   21   1    1.0000    0.0000
-30   21   2    1.0000    0.0000
-30   23   1    1.0000    0.0000
-30   23   2    1.0000    0.0000
-30   25   1    1.0000    0.0000
-30   25   2    1.0000    0.0000
-30   27   1    1.0000    0.0000
-30   27   2    1.0000    0.0000
-30   29   1    1.0000    0.0000
-30   29   2    1.0000    0.0000
-30   31   1    1.0000    0.0000
-30   31   2    1.0000    0.0000
-30   33   1    1.0000    0.0000
-30   33   2    1.0000    0.0000
-30   35   1    1.0000    0.0000
-30   35   2    1.0000    0.0000
-30   37   1    1.0000    0.0000
-30   37   2    1.0000    0.0000
-30   39   1    1.0000    0.0000
-30   39   2    1.0000    0.0000
-30   41   1    1.0000    0.0000
-30   41   2    1.0000    0.0000
-30   43   1    1.0000    0.0000
-30   43   2    1.0000    0.0000
-30   45   1    1.0000    0.0000
-30   45   2    1.0000    0.0000
-30   47   1    1.0000    0.0000
-30   47   2    1.0000    0.0000
-30   49   1    1.0000    0.0000
-30   49   2    1.0000    0.0000
-30   51   1    1.0000    0.0000
-30   51   2    1.0000    0.0000
-30   53   1    1.0000    0.0000
-30   53   2    1.0000    0.0000
-30   55   1    1.0000    0.0000
-30   55   2    1.0000    0.0000
-30   57   1    1.0000    0.0000
-30   57   2    1.0000    0.0000
-30   59   1    1.0000    0.0000
-30   59   2    1.0000    0.0000
-30   61   1    1.0000    0.0000
-30   61   2    1.0000    0.0000
-30   63   1    1.0000    0.0000
-30   63   2    1.0000    0.0000
-30   65   1    1.0000    0.0000
-30   65   2    1.0000    0.0000
-30   67   1    1.0000    0.0000
-30   67   2    1.0000    0.0000
-30   69   1    1.0000    0.0000
-30   69   2    1.0000    0.0000
-30   71   1    1.0000    0.0000
-30   71   2    1.0000    0.0000
-31    1   1    1.0000    0.0000
-31    1   2    1.0000    0.0000
-31    3   1    1.0000    0.0000
-31    3   2    1.0000    0.0000
-31    5   1    1.0000    0.0000
-31    5   2    1.0000    0.0000
-31    7   1    1.0000    0.0000
-31    7   2    1.0000    0.0000
-31    9   1    1.0000    0.0000
-31    9   2    1.0000    0.0000
-31   11   1    1.0000    0.0000
-31   11   2    1.0000    0.0000
-31   13   1    1.0000    0.0000
-31   13   2    1.0000    0.0000
-31   15   1    1.0000    0.0000
-31   15   2    1.0000    0.0000
-31   17   1    1.0000    0.0000
-31   17   2    1.0000    0.0000
-31   19   1    1.0000    0.0000
-31   19   2    1.0000    0.0000
-31   21   1    1.0000    0.0000
-31   21   2    1.0000    0.0000
-31   23   1    1.0000    0.0000
-31   23   2    1.0000    0.0000
-31   25   1    1.0000    0.0000
-31   25   2    1.0000    0.0000
-31   27   1    1.0000    0.0000
-31   27   2    1.0000    0.0000
-31   29   1    1.0000    0.0000
-31   29   2    1.0000    0.0000
-31   31   1    1.0000    0.0000
-31   31   2    1.0000    0.0000
-31   33   1    1.0000    0.0000
-31   33   2    1.0000    0.0000
-31   35   1    1.0000    0.0000
-31   35   2    1.0000    0.0000
-31   37   1    1.0000    0.0000
-31   37   2    1.0000    0.0000
-31   39   1    1.0000    0.0000
-31   39   2    1.0000    0.0000
-31   41   1    1.0000    0.0000
-31   41   2    1.0000    0.0000
-31   43   1    1.0000    0.0000
-31   43   2    1.0000    0.0000
-31   45   1    1.0000    0.0000
-31   45   2    1.0000    0.0000
-31   47   1    1.0000    0.0000
-31   47   2    1.0000    0.0000
-31   49   1    1.0000    0.0000
-31   49   2    1.0000    0.0000
-31   51   1    1.0000    0.0000
-31   51   2    1.0000    0.0000
-31   53   1    1.0000    0.0000
-31   53   2    1.0000    0.0000
-31   55   1    1.0000    0.0000
-31   55   2    1.0000    0.0000
-31   57   1    1.0000    0.0000
-31   57   2    1.0000    0.0000
-31   59   1    1.0000    0.0000
-31   59   2    1.0000    0.0000
-31   61   1    1.0000    0.0000
-31   61   2    1.0000    0.0000
-31   63   1    1.0000    0.0000
-31   63   2    1.0000    0.0000
-31   65   1    1.0000    0.0000
-31   65   2    1.0000    0.0000
-31   67   1    1.0000    0.0000
-31   67   2    1.0000    0.0000
-31   69   1    1.0000    0.0000
-31   69   2    1.0000    0.0000
-31   71   1    1.0000    0.0000
-31   71   2    1.0000    0.0000
-32    1   1    1.0000    0.0000
-32    1   2    1.0000    0.0000
-32    3   1    1.0000    0.0000
-32    3   2    1.0000    0.0000
-32    5   1    1.0000    0.0000
-32    5   2    1.0000    0.0000
-32    7   1    1.0000    0.0000
-32    7   2    1.0000    0.0000
-32    9   1    1.0000    0.0000
-32    9   2    1.0000    0.0000
-32   11   1    1.0000    0.0000
-32   11   2    1.0000    0.0000
-32   13   1    1.0000    0.0000
-32   13   2    1.0000    0.0000
-32   15   1    1.0000    0.0000
-32   15   2    1.0000    0.0000
-32   17   1    1.0000    0.0000
-32   17   2    1.0000    0.0000
-32   19   1    1.0000    0.0000
-32   19   2    1.0000    0.0000
-32   21   1    1.0000    0.0000
-32   21   2    1.0000    0.0000
-32   23   1    1.0000    0.0000
-32   23   2    1.0000    0.0000
-32   25   1    1.0000    0.0000
-32   25   2    1.0000    0.0000
-32   27   1    1.0000    0.0000
-32   27   2    1.0000    0.0000
-32   29   1    1.0000    0.0000
-32   29   2    1.0000    0.0000
-32   31   1    1.0000    0.0000
-32   31   2    1.0000    0.0000
-32   33   1    1.0000    0.0000
-32   33   2    1.0000    0.0000
-32   35   1    1.0000    0.0000
-32   35   2    1.0000    0.0000
-32   37   1    1.0000    0.0000
-32   37   2    1.0000    0.0000
-32   39   1    1.0000    0.0000
-32   39   2    1.0000    0.0000
-32   41   1    1.0000    0.0000
-32   41   2    1.0000    0.0000
-32   43   1    1.0000    0.0000
-32   43   2    1.0000    0.0000
-32   45   1    1.0000    0.0000
-32   45   2    1.0000    0.0000
-32   47   1    1.0000    0.0000
-32   47   2    1.0000    0.0000
-32   49   1    1.0000    0.0000
-32   49   2    1.0000    0.0000
-32   51   1    1.0000    0.0000
-32   51   2    1.0000    0.0000
-32   53   1    1.0000    0.0000
-32   53   2    1.0000    0.0000
-32   55   1    1.0000    0.0000
-32   55   2    1.0000    0.0000
-32   57   1    1.0000    0.0000
-32   57   2    1.0000    0.0000
-32   59   1    1.0000    0.0000
-32   59   2    1.0000    0.0000
-32   61   1    1.0000    0.0000
-32   61   2    1.0000    0.0000
-32   63   1    1.0000    0.0000
-32   63   2    1.0000    0.0000
-32   65   1    1.0000    0.0000
-32   65   2    1.0000    0.0000
-32   67   1    1.0000    0.0000
-32   67   2    1.0000    0.0000
-32   69   1    1.0000    0.0000
-32   69   2    1.0000    0.0000
-32   71   1    1.0000    0.0000
-32   71   2    1.0000    0.0000
-33    1   1    1.0000    0.0000
-33    1   2    1.0000    0.0000
-33    3   1    1.0000    0.0000
-33    3   2    1.0000    0.0000
-33    5   1    1.0000    0.0000
-33    5   2    1.0000    0.0000
-33    7   1    1.0000    0.0000
-33    7   2    1.0000    0.0000
-33    9   1    1.0000    0.0000
-33    9   2    1.0000    0.0000
-33   11   1    1.0000    0.0000
-33   11   2    1.0000    0.0000
-33   13   1    1.0000    0.0000
-33   13   2    1.0000    0.0000
-33   15   1    1.0000    0.0000
-33   15   2    1.0000    0.0000
-33   17   1    1.0000    0.0000
-33   17   2    1.0000    0.0000
-33   19   1    1.0000    0.0000
-33   19   2    1.0000    0.0000
-33   21   1    1.0000    0.0000
-33   21   2    1.0000    0.0000
-33   23   1    1.0000    0.0000
-33   23   2    1.0000    0.0000
-33   25   1    1.0000    0.0000
-33   25   2    1.0000    0.0000
-33   27   1    1.0000    0.0000
-33   27   2    1.0000    0.0000
-33   29   1    1.0000    0.0000
-33   29   2    1.0000    0.0000
-33   31   1    1.0000    0.0000
-33   31   2    1.0000    0.0000
-33   33   1    1.0000    0.0000
-33   33   2    1.0000    0.0000
-33   35   1    1.0000    0.0000
-33   35   2    1.0000    0.0000
-33   37   1    1.0000    0.0000
-33   37   2    1.0000    0.0000
-33   39   1    1.0000    0.0000
-33   39   2    1.0000    0.0000
-33   41   1    1.0000    0.0000
-33   41   2    1.0000    0.0000
-33   43   1    1.0000    0.0000
-33   43   2    1.0000    0.0000
-33   45   1    1.0000    0.0000
-33   45   2    1.0000    0.0000
-33   47   1    1.0000    0.0000
-33   47   2    1.0000    0.0000
-33   49   1    1.0000    0.0000
-33   49   2    1.0000    0.0000
-33   51   1    1.0000    0.0000
-33   51   2    1.0000    0.0000
-33   53   1    1.0000    0.0000
-33   53   2    1.0000    0.0000
-33   55   1    1.0000    0.0000
-33   55   2    1.0000    0.0000
-33   57   1    1.0000    0.0000
-33   57   2    1.0000    0.0000
-33   59   1    1.0000    0.0000
-33   59   2    1.0000    0.0000
-33   61   1    1.0000    0.0000
-33   61   2    1.0000    0.0000
-33   63   1    1.0000    0.0000
-33   63   2    1.0000    0.0000
-33   65   1    1.0000    0.0000
-33   65   2    1.0000    0.0000
-33   67   1    1.0000    0.0000
-33   67   2    1.0000    0.0000
-33   69   1    1.0000    0.0000
-33   69   2    1.0000    0.0000
-33   71   1    1.0000    0.0000
-33   71   2    1.0000    0.0000
-34    1   1    1.0000    0.0000
-34    1   2    1.0000    0.0000
-34    3   1    1.0000    0.0000
-34    3   2    1.0000    0.0000
-34    5   1    1.0000    0.0000
-34    5   2    1.0000    0.0000
-34    7   1    1.0000    0.0000
-34    7   2    1.0000    0.0000
-34    9   1    1.0000    0.0000
-34    9   2    1.0000    0.0000
-34   11   1    1.0000    0.0000
-34   11   2    1.0000    0.0000
-34   13   1    1.0000    0.0000
-34   13   2    1.0000    0.0000
-34   15   1    1.0000    0.0000
-34   15   2    1.0000    0.0000
-34   17   1    1.0000    0.0000
-34   17   2    1.0000    0.0000
-34   19   1    1.0000    0.0000
-34   19   2    1.0000    0.0000
-34   21   1    1.0000    0.0000
-34   21   2    1.0000    0.0000
-34   23   1    1.0000    0.0000
-34   23   2    1.0000    0.0000
-34   25   1    1.0000    0.0000
-34   25   2    1.0000    0.0000
-34   27   1    1.0000    0.0000
-34   27   2    1.0000    0.0000
-34   29   1    1.0000    0.0000
-34   29   2    1.0000    0.0000
-34   31   1    1.0000    0.0000
-34   31   2    1.0000    0.0000
-34   33   1    1.0000    0.0000
-34   33   2    1.0000    0.0000
-34   35   1    1.0000    0.0000
-34   35   2    1.0000    0.0000
-34   37   1    1.0000    0.0000
-34   37   2    1.0000    0.0000
-34   39   1    1.0000    0.0000
-34   39   2    1.0000    0.0000
-34   41   1    1.0000    0.0000
-34   41   2    1.0000    0.0000
-34   43   1    1.0000    0.0000
-34   43   2    1.0000    0.0000
-34   45   1    1.0000    0.0000
-34   45   2    1.0000    0.0000
-34   47   1    1.0000    0.0000
-34   47   2    1.0000    0.0000
-34   49   1    1.0000    0.0000
-34   49   2    1.0000    0.0000
-34   51   1    1.0000    0.0000
-34   51   2    1.0000    0.0000
-34   53   1    1.0000    0.0000
-34   53   2    1.0000    0.0000
-34   55   1    1.0000    0.0000
-34   55   2    1.0000    0.0000
-34   57   1    1.0000    0.0000
-34   57   2    1.0000    0.0000
-34   59   1    1.0000    0.0000
-34   59   2    1.0000    0.0000
-34   61   1    1.0000    0.0000
-34   61   2    1.0000    0.0000
-34   63   1    1.0000    0.0000
-34   63   2    1.0000    0.0000
-34   65   1    1.0000    0.0000
-34   65   2    1.0000    0.0000
-34   67   1    1.0000    0.0000
-34   67   2    1.0000    0.0000
-34   69   1    1.0000    0.0000
-34   69   2    1.0000    0.0000
-34   71   1    1.0000    0.0000
-34   71   2    1.0000    0.0000
-35    1   1    1.0000    0.0000
-35    1   2    1.0000    0.0000
-35    3   1    1.0000    0.0000
-35    3   2    1.0000    0.0000
-35    5   1    1.0000    0.0000
-35    5   2    1.0000    0.0000
-35    7   1    1.0000    0.0000
-35    7   2    1.0000    0.0000
-35    9   1    1.0000    0.0000
-35    9   2    1.0000    0.0000
-35   11   1    1.0000    0.0000
-35   11   2    1.0000    0.0000
-35   13   1    1.0000    0.0000
-35   13   2    1.0000    0.0000
-35   15   1    1.0000    0.0000
-35   15   2    1.0000    0.0000
-35   17   1    1.0000    0.0000
-35   17   2    1.0000    0.0000
-35   19   1    1.0000    0.0000
-35   19   2    1.0000    0.0000
-35   21   1    1.0000    0.0000
-35   21   2    1.0000    0.0000
-35   23   1    1.0000    0.0000
-35   23   2    1.0000    0.0000
-35   25   1    1.0000    0.0000
-35   25   2    1.0000    0.0000
-35   27   1    1.0000    0.0000
-35   27   2    1.0000    0.0000
-35   29   1    1.0000    0.0000
-35   29   2    1.0000    0.0000
-35   31   1    1.0000    0.0000
-35   31   2    1.0000    0.0000
-35   33   1    1.0000    0.0000
-35   33   2    1.0000    0.0000
-35   35   1    1.0000    0.0000
-35   35   2    1.0000    0.0000
-35   37   1    1.0000    0.0000
-35   37   2    1.0000    0.0000
-35   39   1    1.0000    0.0000
-35   39   2    1.0000    0.0000
-35   41   1    1.0000    0.0000
-35   41   2    1.0000    0.0000
-35   43   1    1.0000    0.0000
-35   43   2    1.0000    0.0000
-35   45   1    1.0000    0.0000
-35   45   2    1.0000    0.0000
-35   47   1    1.0000    0.0000
-35   47   2    1.0000    0.0000
-35   49   1    1.0000    0.0000
-35   49   2    1.0000    0.0000
-35   51   1    1.0000    0.0000
-35   51   2    1.0000    0.0000
-35   53   1    1.0000    0.0000
-35   53   2    1.0000    0.0000
-35   55   1    1.0000    0.0000
-35   55   2    1.0000    0.0000
-35   57   1    1.0000    0.0000
-35   57   2    1.0000    0.0000
-35   59   1    1.0000    0.0000
-35   59   2    1.0000    0.0000
-35   61   1    1.0000    0.0000
-35   61   2    1.0000    0.0000
-35   63   1    1.0000    0.0000
-35   63   2    1.0000    0.0000
-35   65   1    1.0000    0.0000
-35   65   2    1.0000    0.0000
-35   67   1    1.0000    0.0000
-35   67   2    1.0000    0.0000
-35   69   1    1.0000    0.0000
-35   69   2    1.0000    0.0000
-35   71   1    1.0000    0.0000
-35   71   2    1.0000    0.0000
-36    1   1    1.0000    0.0000
-36    1   2    1.0000    0.0000
-36    3   1    1.0000    0.0000
-36    3   2    1.0000    0.0000
-36    5   1    1.0000    0.0000
-36    5   2    1.0000    0.0000
-36    7   1    1.0000    0.0000
-36    7   2    1.0000    0.0000
-36    9   1    1.0000    0.0000
-36    9   2    1.0000    0.0000
-36   11   1    1.0000    0.0000
-36   11   2    1.0000    0.0000
-36   13   1    1.0000    0.0000
-36   13   2    1.0000    0.0000
-36   15   1    1.0000    0.0000
-36   15   2    1.0000    0.0000
-36   17   1    1.0000    0.0000
-36   17   2    1.0000    0.0000
-36   19   1    1.0000    0.0000
-36   19   2    1.0000    0.0000
-36   21   1    1.0000    0.0000
-36   21   2    1.0000    0.0000
-36   23   1    1.0000    0.0000
-36   23   2    1.0000    0.0000
-36   25   1    1.0000    0.0000
-36   25   2    1.0000    0.0000
-36   27   1    1.0000    0.0000
-36   27   2    1.0000    0.0000
-36   29   1    1.0000    0.0000
-36   29   2    1.0000    0.0000
-36   31   1    1.0000    0.0000
-36   31   2    1.0000    0.0000
-36   33   1    1.0000    0.0000
-36   33   2    1.0000    0.0000
-36   35   1    1.0000    0.0000
-36   35   2    1.0000    0.0000
-36   37   1    1.0000    0.0000
-36   37   2    1.0000    0.0000
-36   39   1    1.0000    0.0000
-36   39   2    1.0000    0.0000
-36   41   1    1.0000    0.0000
-36   41   2    1.0000    0.0000
-36   43   1    1.0000    0.0000
-36   43   2    1.0000    0.0000
-36   45   1    1.0000    0.0000
-36   45   2    1.0000    0.0000
-36   47   1    1.0000    0.0000
-36   47   2    1.0000    0.0000
-36   49   1    1.0000    0.0000
-36   49   2    1.0000    0.0000
-36   51   1    1.0000    0.0000
-36   51   2    1.0000    0.0000
-36   53   1    1.0000    0.0000
-36   53   2    1.0000    0.0000
-36   55   1    1.0000    0.0000
-36   55   2    1.0000    0.0000
-36   57   1    1.0000    0.0000
-36   57   2    1.0000    0.0000
-36   59   1    1.0000    0.0000
-36   59   2    1.0000    0.0000
-36   61   1    1.0000    0.0000
-36   61   2    1.0000    0.0000
-36   63   1    1.0000    0.0000
-36   63   2    1.0000    0.0000
-36   65   1    1.0000    0.0000
-36   65   2    1.0000    0.0000
-36   67   1    1.0000    0.0000
-36   67   2    1.0000    0.0000
-36   69   1    1.0000    0.0000
-36   69   2    1.0000    0.0000
-36   71   1    1.0000    0.0000
-36   71   2    1.0000    0.0000
-37    1   1    1.0000    0.0000
-37    1   2    1.0000    0.0000
-37    3   1    1.0000    0.0000
-37    3   2    1.0000    0.0000
-37    5   1    1.0000    0.0000
-37    5   2    1.0000    0.0000
-37    7   1    1.0000    0.0000
-37    7   2    1.0000    0.0000
-37    9   1    1.0000    0.0000
-37    9   2    1.0000    0.0000
-37   11   1    1.0000    0.0000
-37   11   2    1.0000    0.0000
-37   13   1    1.0000    0.0000
-37   13   2    1.0000    0.0000
-37   15   1    1.0000    0.0000
-37   15   2    1.0000    0.0000
-37   17   1    1.0000    0.0000
-37   17   2    1.0000    0.0000
-37   19   1    1.0000    0.0000
-37   19   2    1.0000    0.0000
-37   21   1    1.0000    0.0000
-37   21   2    1.0000    0.0000
-37   23   1    1.0000    0.0000
-37   23   2    1.0000    0.0000
-37   25   1    1.0000    0.0000
-37   25   2    1.0000    0.0000
-37   27   1    1.0000    0.0000
-37   27   2    1.0000    0.0000
-37   29   1    1.0000    0.0000
-37   29   2    1.0000    0.0000
-37   31   1    1.0000    0.0000
-37   31   2    1.0000    0.0000
-37   33   1    1.0000    0.0000
-37   33   2    1.0000    0.0000
-37   35   1    1.0000    0.0000
-37   35   2    1.0000    0.0000
-37   37   1    1.0000    0.0000
-37   37   2    1.0000    0.0000
-37   39   1    1.0000    0.0000
-37   39   2    1.0000    0.0000
-37   41   1    1.0000    0.0000
-37   41   2    1.0000    0.0000
-37   43   1    1.0000    0.0000
-37   43   2    1.0000    0.0000
-37   45   1    1.0000    0.0000
-37   45   2    1.0000    0.0000
-37   47   1    1.0000    0.0000
-37   47   2    1.0000    0.0000
-37   49   1    1.0000    0.0000
-37   49   2    1.0000    0.0000
-37   51   1    1.0000    0.0000
-37   51   2    1.0000    0.0000
-37   53   1    1.0000    0.0000
-37   53   2    1.0000    0.0000
-37   55   1    1.0000    0.0000
-37   55   2    1.0000    0.0000
-37   57   1    1.0000    0.0000
-37   57   2    1.0000    0.0000
-37   59   1    1.0000    0.0000
-37   59   2    1.0000    0.0000
-37   61   1    1.0000    0.0000
-37   61   2    1.0000    0.0000
-37   63   1    1.0000    0.0000
-37   63   2    1.0000    0.0000
-37   65   1    1.0000    0.0000
-37   65   2    1.0000    0.0000
-37   67   1    1.0000    0.0000
-37   67   2    1.0000    0.0000
-37   69   1    1.0000    0.0000
-37   69   2    1.0000    0.0000
-37   71   1    1.0000    0.0000
-37   71   2    1.0000    0.0000
-38    1   1    1.0000    0.0000
-38    1   2    1.0000    0.0000
-38    3   1    1.0000    0.0000
-38    3   2    1.0000    0.0000
-38    5   1    1.0000    0.0000
-38    5   2    1.0000    0.0000
-38    7   1    1.0000    0.0000
-38    7   2    1.0000    0.0000
-38    9   1    1.0000    0.0000
-38    9   2    1.0000    0.0000
-38   11   1    1.0000    0.0000
-38   11   2    1.0000    0.0000
-38   13   1    1.0000    0.0000
-38   13   2    1.0000    0.0000
-38   15   1    1.0000    0.0000
-38   15   2    1.0000    0.0000
-38   17   1    1.0000    0.0000
-38   17   2    1.0000    0.0000
-38   19   1    1.0000    0.0000
-38   19   2    1.0000    0.0000
-38   21   1    1.0000    0.0000
-38   21   2    1.0000    0.0000
-38   23   1    1.0000    0.0000
-38   23   2    1.0000    0.0000
-38   25   1    1.0000    0.0000
-38   25   2    1.0000    0.0000
-38   27   1    1.0000    0.0000
-38   27   2    1.0000    0.0000
-38   29   1    1.0000    0.0000
-38   29   2    1.0000    0.0000
-38   31   1    1.0000    0.0000
-38   31   2    1.0000    0.0000
-38   33   1    1.0000    0.0000
-38   33   2    1.0000    0.0000
-38   35   1    1.0000    0.0000
-38   35   2    1.0000    0.0000
-38   37   1    1.0000    0.0000
-38   37   2    1.0000    0.0000
-38   39   1    1.0000    0.0000
-38   39   2    1.0000    0.0000
-38   41   1    1.0000    0.0000
-38   41   2    1.0000    0.0000
-38   43   1    1.0000    0.0000
-38   43   2    1.0000    0.0000
-38   45   1    1.0000    0.0000
-38   45   2    1.0000    0.0000
-38   47   1    1.0000    0.0000
-38   47   2    1.0000    0.0000
-38   49   1    1.0000    0.0000
-38   49   2    1.0000    0.0000
-38   51   1    1.0000    0.0000
-38   51   2    1.0000    0.0000
-38   53   1    1.0000    0.0000
-38   53   2    1.0000    0.0000
-38   55   1    1.0000    0.0000
-38   55   2    1.0000    0.0000
-38   57   1    1.0000    0.0000
-38   57   2    1.0000    0.0000
-38   59   1    1.0000    0.0000
-38   59   2    1.0000    0.0000
-38   61   1    1.0000    0.0000
-38   61   2    1.0000    0.0000
-38   63   1    1.0000    0.0000
-38   63   2    1.0000    0.0000
-38   65   1    1.0000    0.0000
-38   65   2    1.0000    0.0000
-38   67   1    1.0000    0.0000
-38   67   2    1.0000    0.0000
-38   69   1    1.0000    0.0000
-38   69   2    1.0000    0.0000
-38   71   1    1.0000    0.0000
-38   71   2    1.0000    0.0000
-39    1   1    1.0000    0.0000
-39    1   2    1.0000    0.0000
-39    3   1    1.0000    0.0000
-39    3   2    1.0000    0.0000
-39    5   1    1.0000    0.0000
-39    5   2    1.0000    0.0000
-39    7   1    1.0000    0.0000
-39    7   2    1.0000    0.0000
-39    9   1    1.0000    0.0000
-39    9   2    1.0000    0.0000
-39   11   1    1.0000    0.0000
-39   11   2    1.0000    0.0000
-39   13   1    1.0000    0.0000
-39   13   2    1.0000    0.0000
-39   15   1    1.0000    0.0000
-39   15   2    1.0000    0.0000
-39   17   1    1.0000    0.0000
-39   17   2    1.0000    0.0000
-39   19   1    1.0000    0.0000
-39   19   2    1.0000    0.0000
-39   21   1    1.0000    0.0000
-39   21   2    1.0000    0.0000
-39   23   1    1.0000    0.0000
-39   23   2    1.0000    0.0000
-39   25   1    1.0000    0.0000
-39   25   2    1.0000    0.0000
-39   27   1    1.0000    0.0000
-39   27   2    1.0000    0.0000
-39   29   1    1.0000    0.0000
-39   29   2    1.0000    0.0000
-39   31   1    1.0000    0.0000
-39   31   2    1.0000    0.0000
-39   33   1    1.0000    0.0000
-39   33   2    1.0000    0.0000
-39   35   1    1.0000    0.0000
-39   35   2    1.0000    0.0000
-39   37   1    1.0000    0.0000
-39   37   2    1.0000    0.0000
-39   39   1    1.0000    0.0000
-39   39   2    1.0000    0.0000
-39   41   1    1.0000    0.0000
-39   41   2    1.0000    0.0000
-39   43   1    1.0000    0.0000
-39   43   2    1.0000    0.0000
-39   45   1    1.0000    0.0000
-39   45   2    1.0000    0.0000
-39   47   1    1.0000    0.0000
-39   47   2    1.0000    0.0000
-39   49   1    1.0000    0.0000
-39   49   2    1.0000    0.0000
-39   51   1    1.0000    0.0000
-39   51   2    1.0000    0.0000
-39   53   1    1.0000    0.0000
-39   53   2    1.0000    0.0000
-39   55   1    1.0000    0.0000
-39   55   2    1.0000    0.0000
-39   57   1    1.0000    0.0000
-39   57   2    1.0000    0.0000
-39   59   1    1.0000    0.0000
-39   59   2    1.0000    0.0000
-39   61   1    1.0000    0.0000
-39   61   2    1.0000    0.0000
-39   63   1    1.0000    0.0000
-39   63   2    1.0000    0.0000
-39   65   1    1.0000    0.0000
-39   65   2    1.0000    0.0000
-39   67   1    1.0000    0.0000
-39   67   2    1.0000    0.0000
-39   69   1    1.0000    0.0000
-39   69   2    1.0000    0.0000
-39   71   1    1.0000    0.0000
-39   71   2    1.0000    0.0000
-40    3   1    1.0000    0.0000
-40    3   2    1.0000    0.0000
-40    7   1    1.0000    0.0000
-40    7   2    1.0000    0.0000
-40   11   1    1.0000    0.0000
-40   11   2    1.0000    0.0000
-40   15   1    1.0000    0.0000
-40   15   2    1.0000    0.0000
-40   19   1    1.0000    0.0000
-40   19   2    1.0000    0.0000
-40   23   1    1.0000    0.0000
-40   23   2    1.0000    0.0000
-40   27   1    1.0000    0.0000
-40   27   2    1.0000    0.0000
-40   31   1    1.0000    0.0000
-40   31   2    1.0000    0.0000
-40   35   1    1.0000    0.0000
-40   35   2    1.0000    0.0000
-40   39   1    1.0000    0.0000
-40   39   2    1.0000    0.0000
-40   43   1    1.0000    0.0000
-40   43   2    1.0000    0.0000
-40   47   1    1.0000    0.0000
-40   47   2    1.0000    0.0000
-40   51   1    1.0000    0.0000
-40   51   2    1.0000    0.0000
-40   55   1    1.0000    0.0000
-40   55   2    1.0000    0.0000
-40   59   1    1.0000    0.0000
-40   59   2    1.0000    0.0000
-40   63   1    1.0000    0.0000
-40   63   2    1.0000    0.0000
-40   67   1    1.0000    0.0000
-40   67   2    1.0000    0.0000
-40   71   1    1.0000    0.0000
-40   71   2    1.0000    0.0000
-41    3   1    1.0000    0.0000
-41    3   2    1.0000    0.0000
-41    7   1    1.0000    0.0000
-41    7   2    1.0000    0.0000
-41   11   1    1.0000    0.0000
-41   11   2    1.0000    0.0000
-41   15   1    1.0000    0.0000
-41   15   2    1.0000    0.0000
-41   19   1    1.0000    0.0000
-41   19   2    1.0000    0.0000
-41   23   1    1.0000    0.0000
-41   23   2    1.0000    0.0000
-41   27   1    1.0000    0.0000
-41   27   2    1.0000    0.0000
-41   31   1    1.0000    0.0000
-41   31   2    1.0000    0.0000
-41   35   1    1.0000    0.0000
-41   35   2    1.0000    0.0000
-41   39   1    1.0000    0.0000
-41   39   2    1.0000    0.0000
-41   43   1    1.0000    0.0000
-41   43   2    1.0000    0.0000
-41   47   1    1.0000    0.0000
-41   47   2    1.0000    0.0000
-41   51   1    1.0000    0.0000
-41   51   2    1.0000    0.0000
-41   55   1    1.0000    0.0000
-41   55   2    1.0000    0.0000
-41   59   1    1.0000    0.0000
-41   59   2    1.0000    0.0000
-41   63   1    1.0000    0.0000
-41   63   2    1.0000    0.0000
-41   67   1    1.0000    0.0000
-41   67   2    1.0000    0.0000
-41   71   1    1.0000    0.0000
-41   71   2    1.0000    0.0000
